(history,ListBuffer(0.057978877919308495, 0.0, 0.0, 0.0, 0.0, 0.0, 0.0, 0.0, 0.0, 0.0, 0.0, 0.0, 0.0, 0.0, 0.0, 0.0, 0.0, 0.0, 0.0, 0.0, 0.0, 0.0, 0.0, 0.0, 0.0, 0.0, 0.0, 0.0, 0.0, 0.0))
(example,ListBuffer(0.0547948805940176, 0.0, 0.0, 0.0, 0.0, 0.0, 0.0, 0.0, 0.0, 0.0, 0.04687484713792163, 0.0, 0.0, 0.0, 0.0, 0.0, 0.0, 0.0, 0.0, 0.0, 0.0, 0.0, 0.0, 0.0, 0.0, 0.0, 0.0, 0.0, 0.0, 0.0))
(fresh,ListBuffer(0.06261529641121308, 0.0, 0.0, 0.0, 0.0, 0.0, 0.0, 0.0, 0.0, 0.0, 0.0, 0.0, 0.0, 0.0, 0.0, 0.0, 0.0, 0.0, 0.0, 0.0, 0.0, 0.0, 0.0, 0.0, 0.0, 0.0, 0.0, 0.0, 0.0, 0.0))
(much,ListBuffer(0.07717974156900761, 0.0, 0.0, 0.0, 0.0, 0.0, 0.0, 0.0, 0.05213809002606287, 0.05999857235838719, 0.0, 0.10279437386124343, 0.10138237034428858, 0.0, 0.0, 0.0, 0.0, 0.0, 0.0, 0.0, 0.0, 0.0, 0.0, 0.0, 0.0, 0.0, 0.0, 0.0, 0.0, 0.0))
(news,ListBuffer(0.06025640427863216, 0.0, 0.0, 0.0, 0.0, 0.0, 0.0, 0.0, 0.0, 0.052123081410927474, 0.0, 0.0, 0.0, 0.0, 0.0, 0.0, 0.0, 0.0849878623829129, 0.0, 0.0, 0.0, 0.43303744468501126, 0.18657671448411764, 0.0, 0.10053483159445627, 0.0, 0.1811145164875187, 0.0, 0.0, 0.11563902299586992))
(picture,ListBuffer(0.05401414993893374, 0.0, 0.0, 0.0, 0.0, 0.0, 0.0, 0.0, 0.0, 0.0, 0.0, 0.0, 0.0, 0.0, 0.0, 0.0, 0.0, 0.0, 0.0, 0.0, 0.06775687914266434, 0.0, 0.0, 0.0, 0.062344516132040416, 0.0, 0.0, 0.0, 0.0, 0.0))
(grade,ListBuffer(0.08298157728451022, 0.0, 0.0, 0.0, 0.0, 0.0, 0.07399818000443631, 0.0, 0.0, 0.0, 0.0, 0.0, 0.0, 0.0, 0.07766705642655675, 0.056947059866027244, 0.0, 0.0, 0.0, 0.0, 0.0, 0.0, 0.0, 0.0, 0.0, 0.0, 0.0, 0.0, 0.0, 0.0))
(waste,ListBuffer(0.07688002554783363, 0.0, 0.0, 0.0, 0.0, 0.0, 0.0, 0.0, 0.0, 0.0, 0.0, 0.0, 0.0, 0.0, 0.0, 0.0, 0.0, 0.0, 0.0, 0.0, 0.0, 0.0, 0.0, 0.0, 0.0, 0.0, 0.07091184136055773, 0.0, 0.0, 0.0))
(press,ListBuffer(-0.006160688511701699, 0.0, 0.0, 0.0, 0.0, 0.0, 0.0, 0.0, 0.0, 0.0, 0.0, 0.0, 0.0, 0.0, 0.0, 0.0, 0.0, 0.0, 0.0, 0.0, 0.0, 0.0, 0.0, 0.0, 0.0, 0.0, 0.0, 0.0, 0.0, 0.0))
(home,ListBuffer(0.077391037025383, 0.0, 0.0, 0.0, 0.0, 0.0, 0.0, 0.0, 0.0792256172655117, 0.0, 0.0, 0.0, 0.0, 0.0, 0.06719986941865225, 0.0, 0.0, 0.07529993018671072, 0.0, 0.0, 0.07304963127164532, 0.0, 0.0, 0.0, 0.0, 0.0, 0.0, 0.0, 0.0, 0.0))
(teacher,ListBuffer(0.059597766891086534, 0.0, 0.0, 0.0, 0.0, 0.0, 0.0, 0.0, 0.049191760264359854, 0.0, 0.0, 0.0, 0.0, 0.0, 0.07137474258219449, 0.0, 0.0, 0.0, 0.0, 0.0, 0.0, 0.0, 0.0, 0.0, 0.0, 0.0, 0.0, 0.0, 0.0, 0.0))
(keep,ListBuffer(0.0681778496213573, 0.0, 0.0, 0.0, 0.0, 0.0, 0.0, 0.0, 0.0, 0.0, 0.0, 0.0, 0.0, 0.0, 0.0, 0.0, 0.0, 0.0, 0.0, 0.0, 0.0, 0.0, 0.0, 0.1889308148480634, 0.07247322986251385, 0.0, 0.0, 0.0, 0.0, 0.0))
(new,ListBuffer(0.06386833717311285, 0.0, 0.0, 0.0, 0.0, 0.0, 0.0, 0.0, 0.0, 0.0, 0.0, 0.0, 0.0, 0.0, 0.0, 0.19429952353712715, 0.08456118387285007, 0.0, 0.0, 0.0, 0.0, 0.0, 0.0, 0.0, 0.0, 0.0, 0.09711170481372122, 0.0, 0.10639080355367678, 0.0))
(minute,ListBuffer(0.05735429710396718, 0.0, 0.0, 0.0, 0.0, 0.0, 0.0, 0.0, 0.0, 0.0, 0.0, 0.0, 0.0, 0.0, 0.0, 0.0, 0.0, 0.0, 0.0, 0.0, 0.0, 0.06013229264281324, 0.0, 0.0, 0.0, 0.0, 0.0, 0.0, 0.0, 0.0))
(different,ListBuffer(0.05308988513559118, 0.0, 0.0, 0.0, 0.0, 0.0, 0.0, 0.0, 0.0, 0.0, 0.0, 0.0, 0.0, 0.0, 0.0, 0.0, 0.0, 0.0, 0.0, 0.10553408007564599, 0.0, 0.0, 0.0, 0.05144769107376865, 0.0, 0.0, 0.0, 0.08185741048032973, 0.0, 0.0))
(search,ListBuffer(0.05157171564018993, 0.0, 0.0, 0.0, 0.0, 0.0, 0.0, 0.0, 0.0, 0.0, 0.0, 0.0, 0.0, 0.0, 0.0, 0.0, 0.0, 0.0, 0.0, 0.0, 0.07079084321153226, 0.0, 0.0, 0.0, 0.0, 0.0, 0.0, 0.06997005809468257, 0.0, 0.0))
(library,ListBuffer(0.049512092538415944, 0.0, 0.0, 0.0, 0.0, 0.0, 0.0, 0.0, 0.0, 0.0, 0.0, 0.0, 0.0, 0.0, 0.061479021634741185, 0.0, 0.0, 0.0, 0.0, 0.0, 0.0, 0.0, 0.0, 0.0, 0.0, 0.0, 0.0, 0.0, 0.0, 0.0))
(person,ListBuffer(0.050785084979822794, 0.0, 0.0, 0.0, 0.0, 0.0, 0.0, 0.0, 0.0, 0.0, 0.0, 0.0, 0.0, 0.0, 0.0, 0.0, 0.0, 0.0, 0.0, 0.0, 0.0, 0.0, 0.0, 0.0, 0.0, 0.0, 0.0, 0.0, 0.0, 0.0))
(good,ListBuffer(0.012532901699436945, 0.0, 0.0, 0.06561510816102067, 0.0, 0.0, 0.0, 0.0, 0.07913705427902842, 0.15831382441432956, 0.0, 0.0698188592344367, 0.15719250398163018, 0.0, 0.0, 0.0, 0.0, 0.0, 0.0, 0.0, 0.06269206218000473, 0.0, 0.0, 0.0, 0.0, 0.0, 0.0, 0.09629817278031141, 0.0681127568996457, 0.0))
(lead,ListBuffer(0.06775340970375458, 0.0, 0.0, 0.0, 0.0, 0.0, 0.0, 0.0, 0.0, 0.0, 0.0, 0.0, 0.0, 0.0, 0.0, 0.0, 0.0, 0.0, 0.0, 0.0, 0.0, 0.0, 0.0, 0.0, 0.0, 0.0, 0.0, 0.0, 0.0, 0.0))
(via,ListBuffer(0.0551695339759983, 0.0, 0.0, 0.0, 0.0, 0.0, 0.0, 0.0, 0.0, 0.0, 0.0, 0.0, 0.0, 0.0, 0.0, 0.0, 0.0, 0.0, 0.0, 0.0, 0.0, 0.0, 0.0, 0.0, 0.0, 0.0, 0.0, 0.0, 0.0, 0.0))
(first,ListBuffer(0.05632876578470525, 0.0, 0.0, 0.0, 0.0, 0.0, 0.0, 0.0, 0.0, 0.0, 0.08828234806816154, 0.0, 0.0, 0.0, 0.0, 0.0, 0.0, 0.0, 0.0, 0.0, 0.05908373428601279, 0.0, 0.0, 0.0, 0.0, 0.0, 0.0, 0.0, 0.0, 0.0))
(day,ListBuffer(0.07928321547663694, 0.0, 0.0, 0.0, 0.0, 0.0, 0.0, 0.05831802730113181, 0.0, 0.0, 0.0, 0.0, 0.0, 0.0, 0.0, 0.0, 0.0, 0.0, 0.0, 0.0, 0.0, 0.0, 0.0, 0.0, 0.0, 0.0, 0.0, 0.0, 0.0, 0.0))
(contribute,ListBuffer(-0.006068810945026072, 0.0, 0.0, 0.0, 0.0, 0.0, 0.0, 0.0, 0.0, 0.0, 0.0, 0.0, 0.0, 0.0, 0.0, 0.0, 0.0, 0.0, 0.0, 0.0, 0.0, 0.0, 0.0, 0.0, 0.0, 0.0, 0.0, 0.0, 0.0, 0.0))
(anytime,ListBuffer(-0.006727475102746018, 0.0, 0.0, 0.0, 0.0, 0.0, 0.0, 0.0, 0.0, 0.0, 0.0, 0.0, 0.0, 0.0, 0.0, 0.0, 0.0, 0.0, 0.0, 0.0, 0.0, 0.0, 0.0, 0.0, 0.0, 0.0, 0.0, 0.0, 0.0, 0.0))
(social,ListBuffer(0.08382536862886054, 0.0, 0.0, 0.0, 0.0, 0.059326097502985994, 0.0, 0.0, 0.0, 0.051612794540589556, 0.0, 0.0, 0.0, 0.0, 0.0, 0.05375955503676056, 0.0, 0.0, 0.0, 0.06188846078803954, 0.0, 0.0, 0.0, 0.0, 0.07868996950728546, 0.0, 0.0, 0.0, 0.0, 0.0))
(parent,ListBuffer(0.08138797335697626, 0.0, 0.0, 0.0, 0.0, 0.0, 0.0, 0.0, 0.0, 0.0, 0.0, 0.0, 0.0, 0.0, 0.0, 0.0, 0.0, 0.0, 0.0, 0.0, 0.0, 0.0, 0.0, 0.0, 0.0, 0.0, 0.0, 0.08541823865384626, 0.0, 0.0))
(educational,ListBuffer(0.08049965913390014, 0.0, 0.0, 0.0, 0.0, 0.0, 0.0, 0.0, 0.0, 0.0, 0.0, 0.0, 0.0, 0.0, 0.0, 0.0, 0.0, 0.0, 0.0, 0.13804059297339333, 0.0, 0.0, 0.0, 0.0, 0.0, 0.0, 0.0, 0.0, 0.0, 0.12187390594542273))
(business,ListBuffer(0.07010843810032032, 0.0, 0.0, 0.0, 0.0, 0.0, 0.0, 0.0, 0.0, 0.0, 0.0, 0.0, 0.0, 0.0, 0.0, 0.0, 0.0, 0.0, 0.06374936784380555, 0.0, 0.0, 0.0, 0.0, 0.0, 0.0, 0.0, 0.0, 0.0, 0.0, 0.0))
(dangerous,ListBuffer(0.08545817836769665, 0.0, 0.0, 0.0, 0.0, 0.0, 0.0, 0.0, 0.0, 0.0, 0.0, 0.0, 0.06847206755438284, 0.06025870987294029, 0.0, 0.0, 0.05282724363932084, 0.0, 0.0, 0.0, 0.0, 0.0, 0.0, 0.0, 0.0, 0.0, 0.0, 0.0, 0.0, 0.1407833199619731))
(faraway,ListBuffer(0.04986548153160297, 0.0, 0.0, 0.0, 0.0, 0.0, 0.0, 0.0, 0.0, 0.0, 0.0, 0.0, 0.0, 0.14851305510167995, 0.0, 0.0, 0.0, 0.13734295067511407, 0.11129218270429994, 0.0, 0.0, 0.0, 0.0, 0.0, 0.11746225809780167, 0.15141470817243388, 0.0, 0.0, 0.0, 0.0))
(reason,ListBuffer(0.014964115832987769, 0.0, 0.0, 0.053379288835706834, 0.0, 0.0, 0.15306361243272987, 0.0, 0.0, 0.06103050146869923, 0.30002263618906944, 0.0, 0.0, 0.0, 0.06588098756575339, 0.0, 0.0, 0.0, 0.1372197281707852, 0.0, 0.22503696703136558, 0.0, 0.0, 0.06180889507424514, 0.0, 0.07124133585210507, 0.0, 0.0, 0.0, 0.0))
(problem,ListBuffer(0.08101540568695897, 0.0, 0.0, 0.0, 0.06480585514046584, 0.11937519574666595, 0.0, 0.0, 0.0, 0.04982781513966604, 0.0, 0.0, 0.0, 0.0, 0.0, 0.0, 0.0, 0.0, 0.0, 0.0, 0.0, 0.0, 0.0, 0.0, 0.0, 0.0, 0.0, 0.0, 0.0, 0.0))
(bet,ListBuffer(-0.006099189706607808, 0.0, 0.0, 0.0, 0.0, 0.0, 0.0, 0.0, 0.0, 0.0, 0.0, 0.0, 0.0, 0.0, 0.0, 0.0, 0.0, 0.0, 0.0, 0.0, 0.0, 0.0, 0.0, 0.0, 0.0, 0.0, 0.0, 0.0, 0.0, 0.0))
