(worst,ListBuffer(-0.006575145067312434, 0.0, 0.0, 0.0, 0.0, 0.0, 0.0, 0.0, 0.0, 0.0, 0.0, 0.0, 0.0, 0.0, 0.0, 0.0, 0.0, 0.0, 0.0, 0.0, 0.0, 0.0, 0.0, 0.0, 0.0, 0.0, 0.0, 0.0, 0.0, 0.0))
(touch,ListBuffer(0.13069933220220023, 0.0, 0.0, 0.0, 0.0, 0.0, 0.0, 0.0, 0.0, 0.0, 0.0, 0.0, 0.0, 0.0, 0.0, 0.0, 0.0, 0.0, 0.0, 0.0, 0.0, 0.0, 0.0, 0.0, 0.06404241397879087, 0.0, 0.0, 0.0, 0.0, 0.0))
(expert,ListBuffer(0.05085646523681585, 0.0, 0.0, 0.0, 0.0, 0.0, 0.0, 0.0, 0.0, 0.0, 0.0, 0.0, 0.0, 0.0, 0.0, 0.0, 0.0, 0.0, 0.0, 0.0, 0.0, 0.0, 0.0, 0.0, 0.0, 0.0, 0.0, 0.0, 0.0, 0.0))
(important,ListBuffer(0.055914398273798245, 0.0, 0.0, 0.0, 0.0, 0.0, 0.0, 0.0, 0.0, 0.0, 0.0, 0.0, 0.0, 0.0, 0.0, 0.0, 0.0, 0.0, 0.0, 0.0, 0.059220611178578735, 0.0, 0.0, 0.0, 0.0, 0.0, 0.0, 0.0, 0.0, 0.0))
(ever,ListBuffer(0.04128781387783478, 0.0, 0.0, 0.0, 0.0, 0.0, 0.0, 0.0, 0.0, 0.0, 0.0, 0.0, 0.0, 0.0, 0.0, 0.0, 0.0, 0.0, 0.0, 0.0, 0.0, 0.0, 0.0, 0.0, 0.0, 0.0, 0.0, 0.0, 0.0, 0.0))
(let,ListBuffer(0.0828095374135416, 0.0, 0.0, 0.0, 0.0, 0.0, 0.0, 0.0, 0.0, 0.0, 0.0, 0.0, 0.0, 0.0, 0.0, 0.0, 0.0, 0.0, 0.0, 0.0, 0.0, 0.0, 0.06086890234795493, 0.0, 0.09414996428249121, 0.0, 0.0, 0.08946105802649705, 0.0, 0.0))
(message,ListBuffer(0.05394795896706795, 0.0, 0.0, 0.0, 0.0, 0.0, 0.0, 0.0, 0.0, 0.0, 0.0, 0.0, 0.0, 0.0, 0.0, 0.0, 0.0, 0.0, 0.0, 0.0, 0.0, 0.0, 0.0, 0.0, 0.0, 0.0, 0.0, 0.0, 0.0, 0.0))
(name,ListBuffer(0.06387856667937608, 0.0, 0.0, 0.0, 0.0, 0.0, 0.0, 0.0, 0.0, 0.0, 0.0, 0.0, 0.0, 0.0, 0.0, 0.0, 0.0, 0.0, 0.0, 0.0, 0.0, 0.0, 0.0, 0.0, 0.0, 0.0, 0.0, 0.0, 0.0, 0.0))
(write,ListBuffer(0.06077843749360133, 0.0, 0.0, 0.0, 0.0, 0.0, 0.07617130873902693, 0.0, 0.0, 0.0, 0.0, 0.09552153278467684, 0.0, 0.0, 0.06591940143159883, 0.06369292106846541, 0.0, 0.0541825460190536, 0.0, 0.0, 0.0, 0.0, 0.10094266904059494, 0.0, 0.07592227133153706, 0.12471260957290187, 0.06966796659959296, 0.07917365331901915, 0.0, 0.0))
(meet,ListBuffer(0.15153425289058658, 0.0, 0.0, 0.0, 0.0, 0.0, 0.0, 0.0, 0.0, 0.0, 0.0, 0.0, 0.05073331194547345, 0.0, 0.0, 0.24197077021999214, 0.06632015589940876, 0.0, 0.0, 0.0, 0.0, 0.0, 0.0, 0.0, 0.0, 0.0, 0.12151747920323713, 0.0, 0.07870567425414954, 0.20445711962922675))
(live,ListBuffer(0.08235753828675385, 0.0, 0.0, 0.0, 0.0, 0.0, 0.0, 0.0, 0.0, 0.0, 0.0, 0.0, 0.0, 0.0, 0.0, 0.0, 0.0, 0.0, 0.0, 0.0, 0.0, 0.0, 0.0, 0.0, 0.0, 0.0, 0.0, 0.0, 0.0, 0.0))
(information,ListBuffer(0.01117531238881149, 0.0, 0.0, 0.06929729390513716, 0.0768040046093712, 0.0, 0.055368044029313, 0.0, 0.0, 0.0, 0.0, 0.06893210577935244, 0.0, 0.0, 0.0, 0.0, 0.0, 0.0, 0.0, 0.0, 0.057424456513003, 0.0, 0.0, 0.0, 0.0, 0.0, 0.0, 0.0, 0.0, 0.0))
(report,ListBuffer(0.06301227950845525, 0.0, 0.0, 0.0, 0.0, 0.0, 0.0, 0.0, 0.0, 0.0, 0.0, 0.0, 0.0, 0.0, 0.0, 0.0, 0.0, 0.0, 0.0, 0.0, 0.0, 0.0, 0.0, 0.0, 0.0, 0.0, 0.0, 0.0, 0.0, 0.0))
(together,ListBuffer(0.0696962910239721, 0.0, 0.0, 0.0, 0.0, 0.0, 0.0, 0.0, 0.0, 0.0, 0.0, 0.0, 0.0, 0.0, 0.0, 0.0, 0.0, 0.0, 0.0, 0.0, 0.0, 0.062228897794233365, 0.0, 0.05589365856743609, 0.0, 0.0, 0.0, 0.0, 0.0, 0.0))
(study,ListBuffer(0.057760707140387106, 0.0, 0.0, 0.0, 0.0, 0.0, 0.0, 0.0, 0.0, 0.0, 0.0, 0.0, 0.0, 0.0, 0.0, 0.0, 0.0, 0.0, 0.0, 0.0, 0.0, 0.0, 0.0, 0.0, 0.0, 0.0, 0.0, 0.0, 0.0, 0.0))
(suffer,ListBuffer(-0.006400484689362006, 0.0, 0.0, 0.0, 0.0, 0.0, 0.0, 0.0, 0.0, 0.0, 0.0, 0.0, 0.0, 0.0, 0.0, 0.0, 0.0, 0.0, 0.0, 0.0, 0.0, 0.0, 0.0, 0.0, 0.0, 0.0, 0.0, 0.0, 0.0, 0.0))
(far,ListBuffer(0.057173874235957815, 0.0, 0.0, 0.0, 0.0, 0.0, 0.0, 0.0, 0.0, 0.0, 0.0, 0.0, 0.0, 0.0, 0.0, 0.0, 0.0, 0.0772250811796088, 0.0, 0.0, 0.0, 0.0, 0.0, 0.0, 0.0, 0.0, 0.0, 0.0, 0.0, 0.0))
(health,ListBuffer(0.09436249778665733, 0.0, 0.0, 0.0, 0.069540070412031, 0.0, 0.0, 0.0, 0.0, 0.0758024636555994, 0.0, 0.0, 0.0, 0.0, 0.0, 0.0, 0.0, 0.0, 0.0, 0.0, 0.0, 0.0, 0.0, 0.0, 0.0, 0.0, 0.0, 0.0, 0.0, 0.0))
(outside,ListBuffer(0.16105438895845062, 0.0, 0.0, 0.0, 0.0, 0.0, 0.0, 0.10349979791715636, 0.0, 0.0, 0.0, 0.04954559567678779, 0.0, 0.0, 0.0, 0.0, 0.0, 0.0, 0.0, 0.0, 0.0, 0.0, 0.0, 0.0, 0.0, 0.07282887623008448, 0.0, 0.0, 0.10689004978801525, 0.06361503456532602))
(skill,ListBuffer(0.064062976273664, 0.0, 0.0, 0.0, 0.0, 0.06457432792699849, 0.0, 0.0, 0.0, 0.0, 0.0, 0.0, 0.0, 0.0, 0.0, 0.09928503254603803, 0.0, 0.0, 0.0, 0.06555869931771638, 0.0, 0.0, 0.0, 0.0, 0.0, 0.0, 0.0, 0.13431957956575932, 0.0, 0.0))
(job,ListBuffer(0.010128355313600058, 0.0, 0.0, 0.05297812650142841, 0.0, 0.0, 0.0846564920622196, 0.0, 0.2228360292459341, 0.0, 0.0, 0.0, 0.0, 0.09892889229454045, 0.0, 0.0, 0.10547170845403483, 0.0, 0.0, 0.0, 0.0, 0.07003929301193157, 0.0, 0.0, 0.3034408146064629, 0.0, 0.0, 0.0, 0.0, 0.11185969541222335))
(tool,ListBuffer(0.06497130595635023, 0.0, 0.0, 0.0, 0.0, 0.0, 0.0, 0.0, 0.0, 0.0, 0.0, 0.0, 0.0, 0.0, 0.0, 0.0, 0.0, 0.0, 0.0, 0.0, 0.0, 0.0, 0.0, 0.0, 0.0, 0.0, 0.0, 0.0, 0.0, 0.0))
(final,ListBuffer(0.06245367727855024, 0.0, 0.0, 0.0, 0.0, 0.0, 0.0, 0.0, 0.0, 0.0, 0.0, 0.0, 0.0, 0.0, 0.0, 0.0, 0.0, 0.0, 0.0, 0.0, 0.0, 0.0, 0.0, 0.0, 0.0, 0.0, 0.0, 0.0, 0.0, 0.0))
(obesity,ListBuffer(0.06623630155403606, 0.0, 0.0, 0.0, 0.06960150100487066, 0.05704950994996612, 0.0, 0.0, 0.0, 0.0, 0.0, 0.0, 0.0, 0.0, 0.0, 0.0, 0.0, 0.0, 0.0, 0.0, 0.06842179903466172, 0.0, 0.0, 0.0, 0.0, 0.0, 0.0, 0.0, 0.0, 0.0))
(society,ListBuffer(0.011585146350482642, 0.0, 0.0, 0.0, 0.10765120118739277, 0.0, 0.0, 0.0, 0.0, 0.0, 0.10956468133967903, 0.0, 0.0, 0.0, 0.0, 0.0, 0.0, 0.090636290014122, 0.07592377481435113, 0.0, 0.0, 0.0, 0.1173744742045439, 0.1778509699914459, 0.14367415712617132, 0.10069536853068128, 0.0, 0.0, 0.13036032608014506, 0.0))
(watch,ListBuffer(0.07401266462665129, 0.0, 0.0, 0.0, 0.0, 0.0, 0.0, 0.0, 0.0, 0.0, 0.0, 0.0, 0.0, 0.0, 0.0, 0.0, 0.0, 0.0, 0.0, 0.0, 0.0, 0.0864923526732593, 0.0, 0.0, 0.0, 0.0, 0.0, 0.0, 0.0, 0.0))
(send,ListBuffer(0.05483523897409939, 0.0, 0.0, 0.0, 0.0, 0.0, 0.0, 0.0, 0.0, 0.0, 0.0, 0.0, 0.0, 0.0, 0.0, 0.0, 0.0, 0.0, 0.0, 0.0, 0.0, 0.0, 0.0, 0.0, 0.0, 0.0, 0.0, 0.0, 0.0, 0.0))
(cut,ListBuffer(0.06968559782469724, 0.0, 0.0, 0.0, 0.0, 0.0, 0.0, 0.0, 0.0, 0.0, 0.0, 0.0, 0.0, 0.0, 0.0, 0.0, 0.0, 0.0, 0.0, 0.0, 0.0, 0.0, 0.0, 0.0, 0.0, 0.0, 0.0, 0.0, 0.0, 0.0))
(lose,ListBuffer(0.05049142965863904, 0.0, 0.0, 0.0, 0.0, 0.0, 0.0, 0.0, 0.0, 0.0, 0.0, 0.0, 0.0, 0.0, 0.0, 0.0, 0.0, 0.0, 0.0, 0.0, 0.0, 0.0, 0.0, 0.0, 0.0, 0.0, 0.0, 0.0, 0.0, 0.0))
(allow,ListBuffer(0.010975479867525357, 0.0, 0.0, 0.0, 0.07363939346765737, 0.0, 0.0, 0.0, 0.0, 0.0, 0.0, 0.0, 0.0, 0.0, 0.0, 0.0, 0.0, 0.0896051476994537, 0.09788119468413506, 0.0, 0.0, 0.0, 0.0, 0.0, 0.1275902603208584, 0.0, 0.0, 0.1388387353756422, 0.0, 0.10291887295609584))
(water,ListBuffer(-0.00546127396248749, 0.0, 0.0, 0.0, 0.0, 0.0, 0.0, 0.0, 0.0, 0.0, 0.0, 0.0, 0.0, 0.0, 0.0, 0.0, 0.0, 0.0, 0.0, 0.0, 0.0, 0.0, 0.0, 0.0, 0.0, 0.0, 0.0, 0.0, 0.0, 0.0))
(bad,ListBuffer(0.09775844829485489, 0.0, 0.0, 0.05576974671153009, 0.0, 0.20938230446354672, 0.0, 0.0, 0.0, 0.1885182779118539, 0.0, 0.29151879948274534, 0.18137147551875119, 0.0, 0.0, 0.0, 0.0, 0.0, 0.0, 0.0, 0.0, 0.0, 0.0, 0.0, 0.0, 0.0, 0.0, 0.0, 0.0, 0.0))
(normally,ListBuffer(-0.006476521282435533, 0.0, 0.0, 0.0, 0.0, 0.0, 0.0, 0.0, 0.0, 0.0, 0.0, 0.0, 0.0, 0.0, 0.0, 0.0, 0.0, 0.0, 0.0, 0.0, 0.0, 0.0, 0.0, 0.0, 0.0, 0.0, 0.0, 0.0, 0.0, 0.0))
(change,ListBuffer(0.0510142590355455, 0.0, 0.0, 0.0, 0.0, 0.0, 0.0, 0.0, 0.0, 0.0, 0.0, 0.0, 0.0, 0.0, 0.0, 0.0, 0.0, 0.0, 0.0, 0.0, 0.0, 0.0, 0.0, 0.0, 0.0, 0.0, 0.0, 0.0, 0.0, 0.0))
