(obese,ListBuffer(0.06938368272701173, 0.0, 0.0, 0.0, 0.0, 0.07036024287549036, 0.0, 0.0, 0.0, 0.0, 0.0, 0.0, 0.0, 0.0, 0.0, 0.0, 0.0, 0.0, 0.0, 0.0, 0.06565749516112686, 0.0, 0.0, 0.0, 0.0, 0.06353002237751228, 0.0, 0.0, 0.0, 0.0))
(every,ListBuffer(0.05678549402095105, 0.0, 0.0, 0.0, 0.0, 0.0, 0.0, 0.0, 0.0, 0.0, 0.0, 0.0, 0.0, 0.0, 0.0, 0.0, 0.0, 0.0, 0.0, 0.0, 0.0, 0.0, 0.0, 0.0, 0.0, 0.0, 0.0, 0.0, 0.0, 0.0))
(field,ListBuffer(-0.006710134806537062, 0.0, 0.0, 0.0, 0.0, 0.0, 0.0, 0.0, 0.0, 0.0, 0.0, 0.0, 0.0, 0.0, 0.0, 0.0, 0.0, 0.0, 0.0, 0.0, 0.0, 0.0, 0.0, 0.0, 0.0, 0.0, 0.0, 0.0, 0.0, 0.0))
(myspace,ListBuffer(0.06178714536488709, 0.0, 0.0, 0.0, 0.0, 0.0, 0.0, 0.0, 0.0, 0.0, 0.0482014060439136, 0.0, 0.0, 0.0, 0.0, 0.0, 0.0, 0.0, 0.0, 0.0, 0.0, 0.07939760687072348, 0.0, 0.0, 0.0, 0.0, 0.0, 0.0, 0.0, 0.0))
(eat,ListBuffer(0.06796317121746458, 0.0, 0.0, 0.0, 0.0, 0.0, 0.0, 0.0, 0.0, 0.0, 0.0, 0.0, 0.0, 0.0, 0.0, 0.0, 0.0, 0.0, 0.0, 0.0, 0.0, 0.0, 0.0, 0.0, 0.0, 0.0, 0.0, 0.0, 0.0, 0.0))
(three,ListBuffer(0.051048197638265846, 0.0, 0.0, 0.0, 0.0, 0.0, 0.0, 0.0, 0.0, 0.0, 0.0, 0.0, 0.0, 0.0, 0.0, 0.0, 0.0, 0.0, 0.0, 0.0, 0.0, 0.0, 0.0, 0.0, 0.0, 0.0, 0.0, 0.0, 0.0, 0.0))
(stay,ListBuffer(0.05792965765341983, 0.0, 0.0, 0.0, 0.0, 0.0, 0.0, 0.0, 0.0, 0.0, 0.0, 0.06108137280633055, 0.0, 0.07256461076653689, 0.0, 0.06164984338845026, 0.0, 0.0, 0.10254579208538499, 0.0, 0.0, 0.0, 0.0, 0.059158735205563626, 0.06754516176850922, 0.0, 0.0, 0.0, 0.0, 0.0))
(effect,ListBuffer(0.011226990523959403, 0.0, 0.0, 0.0, 0.0, 0.0, 0.16903012598210074, 0.0, 0.0, 0.07710055167134636, 0.0, 0.08283859040094774, 0.0, 0.0, 0.13229441912500636, 0.0, 0.05281043253721494, 0.0, 0.0, 0.0, 0.0, 0.0, 0.0, 0.0, 0.0, 0.0, 0.06842425668892094, 0.0, 0.09056329735132511, 0.0))
(store,ListBuffer(0.05504072373025408, 0.0, 0.0, 0.0, 0.0, 0.0, 0.0, 0.0, 0.04751942038236458, 0.0, 0.0, 0.0, 0.0, 0.0, 0.0, 0.0, 0.07253917425529391, 0.0, 0.0, 0.0, 0.0, 0.0, 0.0, 0.0, 0.0, 0.0, 0.0, 0.0, 0.0, 0.0))
(will,ListBuffer(0.06438849107241948, 0.0, 0.0, 0.0, 0.0, 0.0, 0.0, 0.0, 0.0, 0.0, 0.0, 0.0, 0.0, 0.0, 0.0, 0.056212438200301904, 0.0, 0.0, 0.0, 0.0, 0.0, 0.0, 0.0, 0.0, 0.0, 0.0, 0.07853671464648412, 0.07856891574233843, 0.0, 0.0))
(idea,ListBuffer(0.05682428931914184, 0.0, 0.0, 0.0, 0.0, 0.0, 0.0, 0.0, 0.0, 0.0, 0.0, 0.0, 0.0, 0.0, 0.0, 0.0, 0.0, 0.0, 0.0, 0.0, 0.0, 0.06031323858629291, 0.0, 0.0, 0.0, 0.0, 0.0, 0.06322561543738979, 0.0, 0.0))
(cool,ListBuffer(0.10201398449439303, 0.0, 0.0, 0.0, 0.0, 0.0, 0.0, 0.0, 0.0, 0.0, 0.0, 0.0, 0.0, 0.0, 0.0, 0.0, 0.0, 0.0, 0.0, 0.0, 0.0, 0.0, 0.1516737781112388, 0.0, 0.0, 0.0, 0.0, 0.0, 0.0, 0.1649480073410223))
(weight,ListBuffer(0.0962620704060278, 0.0, 0.0, 0.0, 0.0, 0.0, 0.0, 0.0, 0.0, 0.0, 0.0, 0.0, 0.0, 0.0, 0.0, 0.0, 0.0, 0.0, 0.0, 0.0, 0.0, 0.0, 0.0, 0.0, 0.0, 0.0, 0.08944449462815912, 0.0, 0.0, 0.0))
(cyber,ListBuffer(0.05712607181990002, 0.0, 0.0, 0.0, 0.0, 0.0, 0.0, 0.0, 0.0, 0.0, 0.0, 0.0, 0.0, 0.0, 0.0, 0.0, 0.0, 0.0, 0.0, 0.0, 0.0, 0.0, 0.0, 0.0, 0.0, 0.0, 0.0, 0.0, 0.0, 0.0))
(opinion,ListBuffer(0.04755888343508632, 0.0, 0.0, 0.0, 0.0, 0.0, 0.0, 0.0, 0.0, 0.0, 0.0, 0.0, 0.0, 0.0, 0.0, 0.0, 0.0, 0.0, 0.0, 0.0, 0.0, 0.0, 0.16471606643824155, 0.0, 0.0, 0.0, 0.0, 0.0, 0.0, 0.0))
(cause,ListBuffer(0.1042588720190385, 0.0, 0.0, 0.0, 0.0, 0.1443267739109723, 0.0, 0.0, 0.0, 0.08799966472157555, 0.0, 0.0, 0.0, 0.0, 0.0, 0.0, 0.0, 0.0, 0.0, 0.0, 0.0, 0.0, 0.1692434919188547, 0.0, 0.11299477518717785, 0.0, 0.0, 0.11060767258498178, 0.0, 0.0))
(ability,ListBuffer(0.05594891622365673, 0.0, 0.0, 0.0, 0.0, 0.0, 0.0, 0.0, 0.0, 0.0, 0.0, 0.0, 0.0, 0.06379438352395375, 0.060367850066609816, 0.0, 0.0, 0.08206138369924149, 0.12439571873716371, 0.0, 0.0, 0.0, 0.0, 0.0, 0.0, 0.0, 0.0, 0.0, 0.0, 0.08903329075612411))
(stuff,ListBuffer(0.08880719562127255, 0.0, 0.0, 0.0, 0.0, 0.0, 0.0, 0.05218855681353077, 0.09095572022703577, 0.09711879706515704, 0.0, 0.0, 0.08756824199273397, 0.0, 0.0, 0.0, 0.0, 0.2098417530517267, 0.0, 0.0, 0.2347557977139725, 0.0, 0.0, 0.0, 0.0, 0.0, 0.0, 0.0, 0.0, 0.0))
(away,ListBuffer(0.05910525241014061, 0.0, 0.0, 0.0, 0.0, 0.0, 0.0, 0.0, 0.0, 0.0, 0.0, 0.0, 0.0, 0.0, 0.0, 0.0, 0.0, 0.07276104055479288, 0.0, 0.0, 0.0, 0.0, 0.0, 0.0, 0.0, 0.0, 0.0, 0.0, 0.0, 0.0))
(today,ListBuffer(0.07470981568667201, 0.0, 0.0, 0.0, 0.0, 0.0, 0.0, 0.0, 0.0, 0.0, 0.0, 0.0, 0.0, 0.0, 0.0, 0.0, 0.0, 0.0, 0.0, 0.0, 0.0, 0.0, 0.0, 0.0, 0.0, 0.0, 0.0, 0.0, 0.0, 0.0))
(less,ListBuffer(0.13827269198432948, 0.0, 0.0, 0.0, 0.07453834338692238, 0.0, 0.05747358277065621, 0.0, 0.0, 0.0, 0.07756508146492627, 0.0, 0.08113843414716206, 0.0, 0.059947422771508684, 0.0, 0.10823309416692861, 0.060036027355229005, 0.0, 0.08786032504521411, 0.0, 0.15949522324125473, 0.0, 0.07442163348749202, 0.0, 0.0, 0.0, 0.0, 0.0, 0.0))
(culture,ListBuffer(0.05821317936615873, 0.0, 0.0, 0.0, 0.0, 0.0, 0.0, 0.0, 0.0, 0.0, 0.0, 0.0, 0.0, 0.0, 0.0, 0.0, 0.0, 0.0, 0.0, 0.0, 0.0, 0.0, 0.0, 0.0, 0.0, 0.07710293515821667, 0.0, 0.0, 0.0, 0.0))
(use,ListBuffer(0.010429796334521797, 0.0, 0.0, 0.0, 0.0, 0.0, 0.0, 0.0, 0.0, 0.0, 0.0, 0.04294516541294703, 0.07019367490639972, 0.0, 0.0, 0.0, 0.0, 0.0, 0.0, 0.0, 0.0, 0.0, 0.0, 0.0, 0.0, 0.0, 0.0, 0.0, 0.0, 0.0))
(need,ListBuffer(0.06214737791762806, 0.0, 0.0, 0.0, 0.0, 0.0, 0.0, 0.0, 0.0, 0.0, 0.0, 0.0, 0.0, 0.0, 0.0, 0.0, 0.0, 0.0, 0.0, 0.0, 0.0, 0.0, 0.0, 0.0, 0.0, 0.0, 0.0, 0.0, 0.0, 0.0))
(miss,ListBuffer(0.07726861305326115, 0.0, 0.0, 0.0, 0.0, 0.0, 0.0, 0.0, 0.0, 0.0, 0.0, 0.0, 0.0, 0.0, 0.0, 0.0, 0.0, 0.0, 0.0, 0.0, 0.0, 0.0, 0.0, 0.0, 0.0, 0.0, 0.0566137402348683, 0.0, 0.0, 0.0))
(buy,ListBuffer(0.06573884731097858, 0.0, 0.0, 0.0, 0.0, 0.0, 0.0, 0.0, 0.0, 0.06826919305083054, 0.07155402750857683, 0.0, 0.0, 0.0, 0.0, 0.0, 0.07743783516780033, 0.0, 0.0, 0.0, 0.0, 0.0, 0.0, 0.0, 0.0, 0.07572634505976078, 0.0, 0.0, 0.0, 0.0))
(interact,ListBuffer(0.08100042972795363, 0.0, 0.0, 0.0, 0.0, 0.0, 0.0, 0.0, 0.0, 0.0, 0.0, 0.0, 0.09847738262342981, 0.0, 0.0, 0.0, 0.0, 0.0, 0.0, 0.0, 0.0, 0.0, 0.07002680897233585, 0.0, 0.07194503574902565, 0.0, 0.0, 0.0, 0.0, 0.0))
(com,ListBuffer(0.10648954083900093, 0.0, 0.0, 0.0, 0.0, 0.0, 0.0, 0.0, 0.0, 0.0, 0.0, 0.0, 0.0, 0.0, 0.0, 0.0, 0.0, 0.0, 0.0, 0.0, 0.0, 0.0, 0.15421280988366798, 0.0, 0.0, 0.0, 0.0, 0.0, 0.0, 0.19807340276912275))
(amazing,ListBuffer(0.2563495849233978, 0.0, 0.0, 0.0, 0.0, 0.0, 0.0, 0.0, 0.0, 0.0, 0.0, 0.1952431610911069, 0.0, 0.0, 0.1866094949568377, 0.0, 0.0, 0.0, 0.0, 0.0, 0.0, 0.0, 0.09208121004623968, 0.09825856972275597, 0.0957040737497884, 0.0, 0.0, 0.0, 0.0, 0.0))
(life,ListBuffer(0.066652080665175, 0.0, 0.0, 0.0, 0.0, 0.0, 0.0, 0.0, 0.0, 0.05446550676006792, 0.0, 0.0, 0.0, 0.0, 0.0, 0.0, 0.0, 0.0, 0.0, 0.0, 0.0, 0.0, 0.0, 0.0, 0.0, 0.0, 0.0, 0.0, 0.0, 0.0))
(world,ListBuffer(0.07098988010628526, 0.0, 0.0, 0.0, 0.0, 0.0, 0.0, 0.0, 0.0, 0.0, 0.0, 0.0, 0.0, 0.0, 0.0, 0.0, 0.0, 0.0, 0.0, 0.0, 0.0, 0.07272163114872388, 0.0, 0.0, 0.0, 0.0, 0.0, 0.0, 0.0, 0.0))
(forget,ListBuffer(0.06250247017227216, 0.0, 0.0, 0.0, 0.0, 0.0, 0.0, 0.0, 0.0, 0.0, 0.0, 0.0, 0.0, 0.0, 0.0, 0.0, 0.0, 0.0, 0.0, 0.0, 0.0, 0.0, 0.0, 0.0, 0.0, 0.0, 0.0, 0.0, 0.0, 0.0))
(exersize,ListBuffer(0.097732055225309, 0.0, 0.0, 0.0, 0.0, 0.0, 0.0, 0.0, 0.0, 0.0, 0.0, 0.0, 0.0, 0.0, 0.0, 0.0, 0.0, 0.0, 0.0, 0.0, 0.0, 0.0, 0.0, 0.1226407486537344, 0.0, 0.0, 0.0, 0.0, 0.09948213522664444, 0.0))
(play,ListBuffer(0.12322784935123968, 0.0, 0.0, 0.0, 0.0, 0.0, 0.0, 0.0, 0.0, 0.0, 0.0, 0.0, 0.0, 0.0, 0.058177155710476824, 0.0, 0.0, 0.0, 0.1078421370641862, 0.08939441637630753, 0.0, 0.0, 0.0, 0.0, 0.0, 0.11538926163415857, 0.0, 0.0, 0.08548675546083565, 0.0))
