(easier,ListBuffer(0.12113498698551142, 0.0, 0.0, 0.0, 0.0, 0.0, 0.0, 0.0, 0.0, 0.0, 0.0, 0.0, 0.0, 0.0, 0.0, 0.0, 0.0, 0.0, 0.0, 0.0, 0.0, 0.0, 0.0, 0.0, 0.0, 0.0, 0.0, 0.0, 0.0, 0.0))
(advance,ListBuffer(0.09312211601637725, 0.0, 0.0, 0.0, 0.0, 0.0, 0.0, 0.0, 0.0, 0.0, 0.0, 0.0, 0.0, 0.0, 0.0, 0.0, 0.0, 0.0, 0.06607445094627298, 0.0, 0.0, 0.0, 0.0, 0.0, 0.0, 0.0, 0.0, 0.1088744401732932, 0.0, 0.0))
(pay,ListBuffer(0.08892055754372194, 0.0, 0.0, 0.0, 0.0, 0.0, 0.0, 0.0, 0.0, 0.09749858499932185, 0.0, 0.0, 0.0, 0.0, 0.06568445008998348, 0.0, 0.2277151064432434, 0.0, 0.0, 0.0, 0.0, 0.0, 0.0, 0.0, 0.07309576757483797, 0.0, 0.11192390007940223, 0.1338089150142807, 0.0, 0.0))
(look,ListBuffer(0.011545057140876933, 0.0, 0.0, 0.0, 0.0, 0.0, 0.0, 0.058522009701366416, 0.0, 0.0, 0.0, 0.0, 0.0, 0.057775600756041226, 0.0, 0.0, 0.0, 0.0, 0.0, 0.0, 0.0, 0.0, 0.0, 0.0, 0.0, 0.0, 0.0, 0.0, 0.0, 0.0))
(listen,ListBuffer(0.07269714849725037, 0.0, 0.0, 0.0, 0.0, 0.0, 0.0, 0.0, 0.0, 0.0, 0.0, 0.0, 0.0, 0.0, 0.0, 0.0, 0.06056567795500653, 0.0, 0.0686300337715855, 0.0, 0.0, 0.0, 0.0, 0.0, 0.0, 0.0, 0.0, 0.0, 0.0, 0.0))
(think,ListBuffer(0.06225948892639582, 0.0, 0.0, 0.0, 0.0, 0.0, 0.0, 0.0, 0.0, 0.0, 0.0, 0.0, 0.0, 0.0, 0.0, 0.0, 0.0, 0.0, 0.0, 0.0, 0.0, 0.0, 0.0, 0.0, 0.0, 0.0, 0.0, 0.0, 0.0, 0.0))
(clothes,ListBuffer(-0.006543959025893157, 0.0, 0.0, 0.0, 0.0, 0.0, 0.0, 0.0, 0.0, 0.0, 0.0, 0.0, 0.0, 0.0, 0.0, 0.0, 0.0, 0.0, 0.0, 0.0, 0.0, 0.0, 0.0, 0.0, 0.0, 0.0, 0.0, 0.0, 0.0, 0.0))
(many,ListBuffer(0.06827948695241592, 0.0, 0.0, 0.0, 0.0, 0.0, 0.0, 0.0, 0.0, 0.0, 0.0, 0.0, 0.0, 0.0, 0.0, 0.0, 0.0, 0.0, 0.0, 0.0, 0.0, 0.0, 0.0, 0.0, 0.0, 0.0, 0.0, 0.0, 0.0, 0.0))
(truly,ListBuffer(-0.006562081185318119, 0.0, 0.0, 0.0, 0.0, 0.0, 0.0, 0.0, 0.0, 0.0, 0.0, 0.0, 0.0, 0.0, 0.0, 0.0, 0.0, 0.0, 0.0, 0.0, 0.0, 0.0, 0.0, 0.0, 0.0, 0.0, 0.0, 0.0, 0.0, 0.0))
(hurt,ListBuffer(0.07845043273399102, 0.0, 0.0, 0.0, 0.0, 0.0, 0.0, 0.0, 0.0, 0.0, 0.0, 0.0, 0.0, 0.0, 0.0, 0.0, 0.0, 0.0, 0.0, 0.0, 0.0, 0.0, 0.0, 0.0, 0.0, 0.0, 0.0, 0.0, 0.0, 0.0))
(lazy,ListBuffer(0.06615412003834664, 0.0, 0.0, 0.0, 0.0, 0.0, 0.0, 0.0, 0.0, 0.0, 0.0, 0.0, 0.0, 0.0, 0.0, 0.0, 0.0, 0.0, 0.0, 0.0, 0.0, 0.0, 0.0, 0.0, 0.0, 0.0, 0.0, 0.0, 0.0, 0.0))
(third,ListBuffer(0.06217664612164874, 0.0, 0.0, 0.0, 0.0, 0.0, 0.0, 0.0, 0.0, 0.0, 0.10152888433636928, 0.0, 0.0, 0.0, 0.0, 0.0, 0.0, 0.0, 0.0, 0.0, 0.05937604780873546, 0.0, 0.0, 0.0, 0.0, 0.0, 0.0, 0.0, 0.0, 0.0))
(price,ListBuffer(0.05842422219471849, 0.0, 0.0, 0.0, 0.0, 0.0, 0.0, 0.0, 0.0, 0.0, 0.0, 0.0, 0.0, 0.0, 0.0, 0.0, 0.0, 0.0, 0.0, 0.05738898302493335, 0.0, 0.0, 0.0, 0.0, 0.0, 0.0, 0.0, 0.0, 0.0, 0.0))
(rain,ListBuffer(-0.006591242685643732, 0.0, 0.0, 0.0, 0.0, 0.0, 0.0, 0.0, 0.0, 0.0, 0.0, 0.0, 0.0, 0.0, 0.0, 0.0, 0.0, 0.0, 0.0, 0.0, 0.0, 0.0, 0.0, 0.0, 0.0, 0.0, 0.0, 0.0, 0.0, 0.0))
(comment,ListBuffer(-0.006425260788574104, 0.0, 0.0, 0.0, 0.0, 0.0, 0.0, 0.0, 0.0, 0.0, 0.0, 0.0, 0.0, 0.0, 0.0, 0.0, 0.0, 0.0, 0.0, 0.0, 0.0, 0.0, 0.0, 0.0, 0.0, 0.0, 0.0, 0.0, 0.0, 0.0))
(activity,ListBuffer(0.06712188538206332, 0.0, 0.0, 0.0, 0.0, 0.0, 0.0, 0.0, 0.0, 0.0, 0.0, 0.0, 0.0, 0.0, 0.0, 0.0782562082568351, 0.0, 0.0, 0.0837794891732053, 0.0924388097670654, 0.0, 0.0, 0.0, 0.12381972925075231, 0.0, 0.0, 0.0, 0.0, 0.0, 0.0))
(school,ListBuffer(0.011021300927114494, 0.0, 0.0, 0.07537578209707213, 0.0, 0.0620640658447455, 0.07506425768498501, 0.0, 0.05303588751447208, 0.0, 0.0, 0.0, 0.0, 0.0, 0.0, 0.0, 0.0, 0.0, 0.0, 0.0, 0.0, 0.0, 0.0, 0.0, 0.0, 0.0, 0.0, 0.0, 0.0, 0.0))
(become,ListBuffer(0.06468547653622922, 0.0, 0.0, 0.0, 0.0, 0.06347524350277778, 0.0, 0.0, 0.0, 0.07403948686640993, 0.0, 0.0, 0.0, 0.0, 0.0, 0.07031375165385917, 0.0, 0.0, 0.0, 0.0, 0.0, 0.0, 0.0, 0.0, 0.0, 0.07936419898505075, 0.0, 0.0, 0.0, 0.0))
(addiction,ListBuffer(0.08107066457462912, 0.0, 0.0, 0.0, 0.0, 0.0, 0.0, 0.0, 0.0, 0.0, 0.0, 0.0, 0.0, 0.0, 0.0, 0.0, 0.0, 0.0, 0.0, 0.0, 0.0, 0.0, 0.0, 0.0, 0.0, 0.0, 0.0, 0.0, 0.0, 0.0))
(chat,ListBuffer(0.06743077797630778, 0.0, 0.0, 0.0, 0.0, 0.0, 0.0, 0.0, 0.0, 0.0, 0.0, 0.0, 0.0, 0.0, 0.0, 0.0, 0.0, 0.0, 0.0, 0.0, 0.0, 0.0, 0.0, 0.0, 0.0, 0.0, 0.0, 0.0, 0.0, 0.0))
(unlike,ListBuffer(-0.006303783504563565, 0.0, 0.0, 0.0, 0.0, 0.0, 0.0, 0.0, 0.0, 0.0, 0.0, 0.0, 0.0, 0.0, 0.0, 0.0, 0.0, 0.0, 0.0, 0.0, 0.0, 0.0, 0.0, 0.0, 0.0, 0.0, 0.0, 0.0, 0.0, 0.0))
(game,ListBuffer(0.01001586191360749, 0.0, 0.0, 0.10850868281369451, 0.0, 0.0, 0.0, 0.1169459022742689, 0.0, 0.0, 0.0, 0.0, 0.0, 0.0, 0.10102806579758805, 0.0, 0.0, 0.0, 0.11723523499754444, 0.2088435217595062, 0.0, 0.0, 0.0, 0.0, 0.0, 0.14032997617286358, 0.0, 0.0, 0.085894045014599, 0.0))
(cost,ListBuffer(0.0734382444718422, 0.0, 0.0, 0.0, 0.0, 0.0, 0.0, 0.0, 0.0, 0.0, 0.0, 0.0, 0.0, 0.0, 0.0, 0.0, 0.0, 0.0, 0.0, 0.0, 0.0, 0.0, 0.0, 0.0, 0.0, 0.0, 0.0, 0.0, 0.0, 0.0))
(fantastic,ListBuffer(-0.00604419607633341, 0.0, 0.0, 0.0, 0.0, 0.0, 0.0, 0.0, 0.0, 0.0, 0.0, 0.0, 0.0, 0.0, 0.0, 0.0, 0.0, 0.0, 0.0, 0.0, 0.0, 0.0, 0.0, 0.0, 0.0, 0.0, 0.0, 0.0, 0.0, 0.0))
(typing,ListBuffer(0.04473595098005438, 0.0, 0.0, 0.0, 0.0, 0.0, 0.0, 0.0, 0.0, 0.0, 0.0, 0.0, 0.0, 0.0, 0.0, 0.0, 0.0, 0.0, 0.0, 0.0, 0.0, 0.0, 0.0, 0.0, 0.0, 0.0, 0.0, 0.0, 0.0, 0.0))
(give,ListBuffer(0.01061169604473931, 0.0, 0.0, 0.0, 0.0, 0.0, 0.0, 0.0, 0.0, 0.0, 0.0, 0.0, 0.0, 0.0682023582430927, 0.0, 0.0, 0.0, 0.07517368206460834, 0.07637832455759662, 0.0, 0.0, 0.0, 0.0, 0.0, 0.0, 0.0, 0.0, 0.0, 0.0, 0.08222087410834161))
(communication,ListBuffer(0.1557295771601846, 0.0, 0.0, 0.0, 0.0, 0.0, 0.0, 0.0, 0.0, 0.0, 0.0, 0.0, 0.0, 0.0, 0.0, 0.0, 0.0, 0.0, 0.06473418905325327, 0.0, 0.0, 0.0, 0.0, 0.0, 0.0, 0.0, 0.0, 0.06154179193375039, 0.0, 0.0))
(exercise,ListBuffer(0.21654626832529894, 0.0, 0.0, 0.0, 0.0, 0.0, 0.06418334208665409, 0.0, 0.0, 0.0, 0.0, 0.0, 0.06394375780221133, 0.0, 0.0, 0.0, 0.0, 0.0, 0.0, 0.0, 0.07422363445421305, 0.0, 0.0, 0.0, 0.11483987569270898, 0.0, 0.0, 0.0, 0.0, 0.0))
(letter,ListBuffer(0.08989240581075261, 0.0, 0.0, 0.0, 0.0, 0.0, 0.0, 0.0, 0.0, 0.0, 0.0, 0.0, 0.0, 0.0, 0.0, 0.0, 0.0, 0.0, 0.0, 0.0, 0.0, 0.0, 0.0, 0.0, 0.0, 0.0, 0.0, 0.0, 0.0, 0.0))
(impact,ListBuffer(0.0668263741970495, 0.0, 0.0, 0.0, 0.0, 0.0, 0.0, 0.0, 0.0, 0.0, 0.0, 0.0, 0.0, 0.0, 0.0, 0.0, 0.0, 0.0, 0.0, 0.0, 0.0, 0.0, 0.0, 0.0, 0.0, 0.0, 0.0, 0.0, 0.0, 0.0))
(paper,ListBuffer(0.05835490317650273, 0.0, 0.0, 0.0, 0.0, 0.0, 0.059766755790879374, 0.04337734548512002, 0.088315553750875, 0.0, 0.0, 0.0753164670802865, 0.0, 0.0, 0.0, 0.0, 0.0, 0.0, 0.0, 0.0, 0.0, 0.13054176584040902, 0.09061223076037819, 0.0, 0.07897141635743225, 0.09272856575316601, 0.16970602626622863, 0.0, 0.0, 0.07063013314456551))
(contact,ListBuffer(0.05270921295720783, 0.0, 0.0, 0.0, 0.0, 0.0, 0.0, 0.0, 0.0, 0.0, 0.0, 0.0, 0.0, 0.0, 0.0, 0.0, 0.0, 0.0, 0.0, 0.0, 0.0, 0.0, 0.0, 0.0, 0.0, 0.0, 0.0, 0.0, 0.06837521805829619, 0.0))
(government,ListBuffer(-0.0054862944588783165, 0.0, 0.0, 0.0, 0.0, 0.0, 0.0, 0.0, 0.0, 0.0, 0.0, 0.0, 0.0, 0.0, 0.0, 0.0, 0.0, 0.0, 0.0, 0.0, 0.0, 0.0, 0.0, 0.0, 0.0, 0.0, 0.0, 0.0, 0.0, 0.0))
