(brain,ListBuffer(0.05785706085605369, 0.0, 0.0, 0.0, 0.0, 0.0, 0.0, 0.0, 0.0, 0.0, 0.0, 0.0, 0.0, 0.0, 0.0, 0.0, 0.0, 0.0, 0.0, 0.0, 0.0, 0.0, 0.0, 0.0, 0.0, 0.0, 0.0, 0.0, 0.08240247430814931, 0.0))
(car,ListBuffer(0.06575171458752921, 0.0, 0.0, 0.0, 0.0, 0.0, 0.0, 0.0, 0.0, 0.0, 0.0, 0.0, 0.0, 0.0, 0.0, 0.0, 0.0, 0.0, 0.0, 0.0, 0.0, 0.0, 0.0, 0.0, 0.0, 0.0, 0.0, 0.0, 0.0, 0.0))
(time,ListBuffer(0.13024763375930834, 0.0, 0.0, 0.0, 0.0, 0.0, 0.0, 0.0, 0.0, 0.0, 0.0, 0.0, 0.0, 0.0, 0.0, 0.0, 0.0, 0.0, 0.0, 0.0, 0.0, 0.1203109241962602, 0.0, 0.08335130639793188, 0.0, 0.0, 0.0, 0.0, 0.0, 0.0))
(website,ListBuffer(0.010345887115464872, 0.0, 0.0, 0.10126193988368526, 0.0, 0.0, 0.0, 0.0, 0.0, 0.0, 0.0, 0.0, 0.05138021899581282, 0.0, 0.0, 0.0, 0.0, 0.0, 0.0, 0.0, 0.0, 0.0, 0.087130666537311, 0.0, 0.0, 0.0, 0.0, 0.0, 0.0, 0.0))
(really,ListBuffer(0.08808318529136328, 0.0, 0.0, 0.0, 0.0, 0.0, 0.0, 0.0, 0.0, 0.05907852416639542, 0.0, 0.0, 0.0, 0.0, 0.0, 0.0, 0.0, 0.11856588723585168, 0.0, 0.0, 0.0, 0.0, 0.0, 0.06581674841944274, 0.0, 0.0, 0.0, 0.0, 0.0, 0.0))
(addict,ListBuffer(0.08444479223743462, 0.0, 0.0, 0.0, 0.0, 0.1266234303623566, 0.0, 0.0, 0.0, 0.0679114136286659, 0.04659569846588761, 0.0, 0.0, 0.11732418231549716, 0.09531223196960084, 0.11645551667281953, 0.0, 0.08823240825165904, 0.11638465202217577, 0.0, 0.0, 0.0, 0.14418156688149414, 0.0, 0.0, 0.105667988389606, 0.0, 0.1367392212532209, 0.24200666269083707, 0.0))
(direction,ListBuffer(0.0661846770472131, 0.0, 0.0, 0.0, 0.0, 0.0, 0.0, 0.0, 0.0, 0.0, 0.0, 0.0, 0.0, 0.0, 0.0, 0.0, 0.0, 0.0, 0.0, 0.0, 0.0, 0.0, 0.0, 0.0, 0.0, 0.0, 0.0, 0.0, 0.0, 0.0))
(entertainment,ListBuffer(0.07296837575986867, 0.0, 0.0, 0.0, 0.0, 0.0, 0.0, 0.0, 0.0, 0.0, 0.0, 0.0, 0.0, 0.0, 0.0, 0.0, 0.0, 0.0, 0.09056827660198619, 0.0, 0.0, 0.0, 0.0, 0.0, 0.0, 0.0, 0.0, 0.0, 0.0, 0.0))
(email,ListBuffer(0.0688457534910617, 0.0, 0.0, 0.0, 0.0, 0.0, 0.0, 0.0, 0.0, 0.0, 0.0, 0.0, 0.0, 0.0, 0.0, 0.0, 0.0, 0.0, 0.0, 0.0, 0.0, 0.0, 0.0, 0.0, 0.0, 0.0, 0.0, 0.0, 0.0, 0.0))
(education,ListBuffer(0.05391908925475917, 0.0, 0.0, 0.0, 0.0625714907107657, 0.0, 0.06263571355976284, 0.0, 0.0, 0.0, 0.0, 0.0, 0.0, 0.0, 0.0, 0.0, 0.0, 0.0, 0.17541395884334143, 0.0, 0.0, 0.0, 0.0, 0.0, 0.0, 0.0, 0.0, 0.0, 0.0, 0.0))
(improve,ListBuffer(0.0724242207238526, 0.0, 0.0, 0.0, 0.0, 0.0, 0.0, 0.0, 0.0, 0.0, 0.0, 0.0, 0.0, 0.0, 0.0, 0.0, 0.0, 0.0, 0.0, 0.0, 0.0, 0.0, 0.0, 0.0, 0.0, 0.0, 0.0, 0.0, 0.0, 0.0))
(buisness,ListBuffer(0.060088750319041664, 0.0, 0.0, 0.0, 0.0, 0.0, 0.0, 0.0, 0.0, 0.0, 0.0, 0.0, 0.0, 0.0, 0.0, 0.0, 0.0, 0.0, 0.09708635142771171, 0.0, 0.0, 0.0, 0.0, 0.0, 0.0, 0.0, 0.0, 0.0, 0.0, 0.0))
(spending,ListBuffer(0.05965614880726976, 0.0, 0.0, 0.0, 0.0, 0.0, 0.0, 0.0, 0.0, 0.0, 0.0, 0.0, 0.0, 0.0, 0.0, 0.0, 0.0, 0.0, 0.0, 0.0, 0.0, 0.0, 0.0, 0.0, 0.0, 0.0, 0.0, 0.0, 0.0, 0.0))
(per,ListBuffer(-0.0056265502169226475, 0.0, 0.0, 0.0, 0.0, 0.0, 0.0, 0.0, 0.0, 0.0, 0.0, 0.0, 0.0, 0.0, 0.0, 0.0, 0.0, 0.0, 0.0, 0.0, 0.0, 0.0, 0.0, 0.0, 0.0, 0.0, 0.0, 0.0, 0.0, 0.0))
(connect,ListBuffer(0.05385019570459367, 0.0, 0.0, 0.0, 0.0, 0.0, 0.0, 0.0, 0.0, 0.0, 0.0, 0.0, 0.0, 0.0, 0.0, 0.0, 0.0, 0.0, 0.0, 0.0, 0.0, 0.0, 0.0, 0.0, 0.0, 0.0, 0.0, 0.0, 0.0, 0.0))
(find,ListBuffer(0.011875126406303605, 0.0, 0.0, 0.08391467089659205, 0.0, 0.0, 0.0, 0.0, 0.0, 0.0, 0.0, 0.0, 0.0, 0.07891252679527268, 0.0, 0.0, 0.0, 0.0, 0.0, 0.08821027602545434, 0.0, 0.0, 0.0, 0.0, 0.0, 0.0, 0.0, 0.0, 0.0, 0.0))
(web,ListBuffer(0.07678801349579406, 0.0, 0.0, 0.0, 0.0, 0.0, 0.0, 0.0, 0.0, 0.0, 0.05414773859664546, 0.0, 0.0, 0.0, 0.0, 0.0, 0.0, 0.0, 0.0, 0.0, 0.08881109258368994, 0.08655170512894966, 0.0, 0.0, 0.07231569035194274, 0.0, 0.0, 0.0, 0.0, 0.0))
(coordination,ListBuffer(0.018949416794549145, 0.0, 0.0, 0.0, 0.0, 0.15117810446835153, 0.0, 0.15714650345981726, 0.0, 0.0, 0.0, 0.0, 0.13971261683748407, 0.0, 0.10507938060499614, 0.0, 0.0, 0.0, 0.0, 0.0, 0.0, 0.08923456458369136, 0.0, 0.05318419313696127, 0.0, 0.0, 0.11396007827877767, 0.0, 0.0, 0.0))
(exactly,ListBuffer(-0.006540141298502336, 0.0, 0.0, 0.0, 0.0, 0.0, 0.0, 0.0, 0.0, 0.0, 0.0, 0.0, 0.0, 0.0, 0.0, 0.0, 0.0, 0.0, 0.0, 0.0, 0.0, 0.0, 0.0, 0.0, 0.0, 0.0, 0.0, 0.0, 0.0, 0.0))
(learn,ListBuffer(0.01940975648273506, 0.0, 0.0, 0.0, 0.0, 0.0, 0.0, 0.0, 0.0, 0.0, 0.0, 0.0, 0.08683060512783294, 0.07670442991455456, 0.0, 0.06632918178816766, 0.0, 0.08920873992980623, 0.0, 0.10703373288732927, 0.0, 0.0, 0.0, 0.0, 0.0, 0.10861426124740634, 0.0, 0.0, 0.0, 0.0))
(remember,ListBuffer(0.06253354112791187, 0.0, 0.0, 0.0, 0.0, 0.0, 0.0, 0.0, 0.0, 0.0, 0.0, 0.0, 0.0, 0.0, 0.0, 0.0, 0.0, 0.0, 0.0, 0.0, 0.0, 0.0, 0.0, 0.0, 0.0, 0.0, 0.0, 0.0, 0.0, 0.0))
(talk,ListBuffer(0.011478500088992667, 0.0, 0.0, 0.0, 0.0, 0.0, 0.0, 0.0, 0.0, 0.0, 0.0, 0.0, 0.0, 0.07520117267142583, 0.0, 0.0, 0.0, 0.05729013324161187, 0.0, 0.0, 0.0, 0.0, 0.0, 0.0, 0.0, 0.0, 0.0, 0.0, 0.0, 0.0))
(help,ListBuffer(0.017500077078902693, 0.0, 0.0, 0.0, 0.0, 0.0, 0.0, 0.0, 0.08313102562191818, 0.0, 0.0, 0.0, 0.0, 0.0, 0.0, 0.16402756955311149, 0.12169478565668775, 0.0, 0.0, 0.0927019112735264, 0.0, 0.0, 0.07414379190711044, 0.0757593757751007, 0.0, 0.07383295695080806, 0.0, 0.0, 0.0, 0.0))
(bully,ListBuffer(0.1079921172173221, 0.0, 0.0, 0.0, 0.0, 0.0, 0.0, 0.0, 0.0, 0.0, 0.0, 0.0, 0.0, 0.0, 0.0, 0.0, 0.0, 0.0, 0.0, 0.0, 0.09035625054390731, 0.0, 0.0, 0.0, 0.0, 0.0, 0.06167866839110786, 0.0, 0.0, 0.0))
(bill,ListBuffer(0.10077995826414746, 0.0, 0.0, 0.0, 0.0, 0.0, 0.0, 0.0, 0.0, 0.10897902615166179, 0.0665451704359253, 0.0, 0.0, 0.0, 0.06487239406419901, 0.0, 0.24898874449525926, 0.0, 0.07552446341485501, 0.0, 0.0, 0.0, 0.0, 0.0, 0.0, 0.0, 0.09745343694301815, 0.17050681734897527, 0.0, 0.0))
(excersize,ListBuffer(0.07277899648034013, 0.0, 0.0, 0.0, 0.0, 0.0, 0.0, 0.0, 0.0, 0.0, 0.0, 0.0, 0.0, 0.0, 0.0, 0.0, 0.0, 0.0, 0.0, 0.0, 0.0, 0.0, 0.0, 0.0, 0.0, 0.0, 0.0, 0.0, 0.0, 0.0))
(place,ListBuffer(0.015124459075703145, 0.0, 0.0, 0.0, 0.0, 0.0, 0.0, 0.0, 0.0, 0.0, 0.0640723159824218, 0.0, 0.07643217240773191, 0.18106140100571178, 0.0, 0.0, 0.0, 0.12142029513107175, 0.0, 0.0, 0.0, 0.0, 0.0, 0.0, 0.0, 0.09647153466136861, 0.0, 0.0, 0.0, 0.09465730303226268))
(provide,ListBuffer(0.10493126716232735, 0.0, 0.0, 0.0, 0.0, 0.0, 0.0, 0.0, 0.0, 0.0, 0.0, 0.0, 0.0, 0.0, 0.0, 0.0, 0.0, 0.0, 0.0, 0.0, 0.0, 0.0, 0.0, 0.0, 0.0, 0.0, 0.0, 0.0, 0.0, 0.0))
(long,ListBuffer(0.05593155260648547, 0.0, 0.0, 0.0, 0.0, 0.0, 0.0, 0.0, 0.0, 0.0, 0.0, 0.0, 0.0, 0.0, 0.0, 0.0, 0.0, 0.0, 0.0, 0.0, 0.0, 0.0, 0.0, 0.06055106278509105, 0.0, 0.0, 0.0, 0.0, 0.0, 0.0))
(online,ListBuffer(0.012326980386556524, 0.0, 0.0, 0.0, 0.0, 0.0, 0.0, 0.0, 0.0, 0.0, 0.0963231236079389, 0.0, 0.0, 0.0, 0.18680735532637363, 0.0, 0.0, 0.07048431050051275, 0.0, 0.0, 0.0, 0.0, 0.0, 0.0, 0.0, 0.0, 0.0, 0.0, 0.0, 0.0))
(lot,ListBuffer(0.06330017144787939, 0.0, 0.0, 0.0, 0.0, 0.0, 0.0, 0.0, 0.0, 0.0, 0.0, 0.0, 0.0, 0.0, 0.0, 0.0, 0.0, 0.0, 0.0, 0.0, 0.0, 0.0, 0.0, 0.14007393517290992, 0.0, 0.0, 0.0, 0.0, 0.0, 0.0))
(distract,ListBuffer(0.05633088227111139, 0.0, 0.0, 0.0, 0.0, 0.0, 0.0, 0.0, 0.0, 0.0, 0.0, 0.0, 0.0, 0.0, 0.0, 0.0, 0.0, 0.0, 0.0, 0.0, 0.0, 0.0, 0.0, 0.0, 0.0, 0.0, 0.0, 0.0, 0.0, 0.0))
(student,ListBuffer(0.010832330660673212, 0.0, 0.0, 0.06025121621209523, 0.09386056748814714, 0.0, 0.1768954472286477, 0.0, 0.08453506059482566, 0.0, 0.0, 0.09104044060817576, 0.15246469159977843, 0.0, 0.23588184197463805, 0.23243985119778157, 0.12943886717633238, 0.0, 0.18550270593119872, 0.0, 0.0, 0.0, 0.0, 0.0, 0.0, 0.12058306218323495, 0.1753078901965916, 0.0, 0.0, 0.08951590165136056))
(technology,ListBuffer(0.0956974260553238, 0.0, 0.0, 0.0, 0.0, 0.0, 0.0, 0.0, 0.05471319835702081, 0.0, 0.0, 0.0, 0.0, 0.0, 0.0, 0.0, 0.0, 0.0, 0.0, 0.0, 0.06777646825829722, 0.0, 0.0, 0.0, 0.0, 0.08242445994285244, 0.0, 0.1425001810496053, 0.0, 0.0))
