(addicting,ListBuffer(0.05536195333726905, 0.0, 0.0, 0.0, 0.0, 0.0, 0.0, 0.0, 0.0, 0.0, 0.0, 0.0, 0.0, 0.0, 0.0, 0.0, 0.0, 0.0, 0.0, 0.0, 0.0, 0.0, 0.0, 0.0, 0.06285748670243621, 0.0, 0.0, 0.0, 0.0, 0.0))
(never,ListBuffer(0.07601756761750869, 0.0, 0.0, 0.0, 0.0, 0.0, 0.0, 0.0, 0.0, 0.0, 0.0, 0.0, 0.0, 0.0, 0.0, 0.0, 0.0, 0.0, 0.0, 0.0, 0.0, 0.0, 0.0, 0.0, 0.0, 0.0, 0.0, 0.0, 0.0, 0.0))
(tree,ListBuffer(0.05436644606546632, 0.0, 0.0, 0.0, 0.0, 0.0, 0.0, 0.0, 0.0, 0.0, 0.0, 0.0, 0.0, 0.0, 0.0, 0.0, 0.0, 0.0, 0.0, 0.0, 0.0, 0.0, 0.0, 0.0, 0.0, 0.0, 0.06741359645278384, 0.0, 0.0, 0.0))
(great,ListBuffer(0.011289418045545811, 0.0, 0.0, 0.0, 0.06747542854393088, 0.0, 0.0, 0.0, 0.0, 0.0, 0.0, 0.04390716486177557, 0.0, 0.0, 0.0, 0.0, 0.0, 0.0, 0.0, 0.0, 0.0, 0.0, 0.0, 0.0, 0.0, 0.0, 0.0, 0.0, 0.0, 0.0))
(word,ListBuffer(0.07897236430954942, 0.0, 0.0, 0.0, 0.0, 0.0, 0.0, 0.0, 0.0, 0.0, 0.0, 0.0, 0.0, 0.0, 0.0, 0.0, 0.0, 0.0, 0.0, 0.0, 0.0, 0.0, 0.0, 0.0, 0.0, 0.0, 0.05848375530672757, 0.0, 0.0, 0.0))
(alot,ListBuffer(0.062339863335563864, 0.0, 0.0, 0.0, 0.0, 0.0, 0.0, 0.0, 0.0, 0.0, 0.0, 0.0, 0.0, 0.0, 0.0, 0.0, 0.0, 0.0, 0.0, 0.0, 0.0, 0.0, 0.0, 0.0, 0.0, 0.0, 0.0, 0.0, 0.070744230985228, 0.0))
(music,ListBuffer(0.10252878764482139, 0.0, 0.0, 0.0, 0.0, 0.0, 0.0, 0.0, 0.0, 0.0, 0.0, 0.08337788682879371, 0.07138764112891992, 0.0, 0.1254773734884633, 0.21951744097444298, 0.2261250764340992, 0.0, 0.0, 0.0, 0.0, 0.0, 0.0, 0.1545537913603554, 0.06482377890475807, 0.12410689763073848, 0.0, 0.062262171331154206, 0.0, 0.0))
(research,ListBuffer(0.010022702861163508, 0.0, 0.0, 0.06981461316372715, 0.07406973315548133, 0.0, 0.0, 0.0453909512597607, 0.0, 0.0, 0.0, 0.06903242223827165, 0.0, 0.0, 0.11862028641254596, 0.0, 0.0, 0.0, 0.0, 0.0, 0.0, 0.0, 0.0, 0.0, 0.1469025712093301, 0.0, 0.0, 0.07132138194973749, 0.0, 0.07411048015773627))
(adult,ListBuffer(0.07910707105667358, 0.0, 0.0, 0.0, 0.0, 0.0, 0.0, 0.0, 0.0, 0.0, 0.0, 0.0, 0.0, 0.0, 0.0, 0.0, 0.05178241582067417, 0.0, 0.0, 0.0, 0.0, 0.05394849159695235, 0.0, 0.0, 0.0, 0.0, 0.0, 0.0, 0.0, 0.0))
(helpful,ListBuffer(0.059123619701017496, 0.0, 0.0, 0.0, 0.0, 0.0, 0.0, 0.0, 0.0, 0.0, 0.0, 0.0, 0.0, 0.0, 0.0, 0.0, 0.0, 0.0, 0.0, 0.0, 0.0, 0.0, 0.0, 0.0, 0.0, 0.0, 0.0, 0.0, 0.0, 0.0))
(class,ListBuffer(0.06952943818030044, 0.0, 0.0, 0.0, 0.0, 0.0, 0.0, 0.0, 0.0, 0.0, 0.0, 0.0, 0.0, 0.0, 0.0, 0.0632068567744404, 0.0, 0.0, 0.0, 0.0, 0.0, 0.0, 0.0, 0.0, 0.0, 0.0, 0.0, 0.0, 0.0, 0.0))
(video,ListBuffer(0.06775203208160771, 0.0, 0.0, 0.0, 0.0, 0.0, 0.0, 0.07532751304906538, 0.0, 0.0, 0.0, 0.0, 0.0, 0.0, 0.0, 0.0, 0.0, 0.07067954269646286, 0.0, 0.0, 0.0, 0.0, 0.0, 0.0, 0.061872925323943194, 0.0, 0.0, 0.0, 0.0, 0.0))
(site,ListBuffer(0.06866088404519124, 0.0, 0.0, 0.0, 0.0, 0.0, 0.0, 0.0, 0.0, 0.0, 0.0, 0.0, 0.05560471273955161, 0.0, 0.0, 0.0, 0.0, 0.0, 0.0, 0.0, 0.06436736451861082, 0.07712902182324397, 0.0, 0.0, 0.0, 0.0, 0.0, 0.0, 0.06877386599700891, 0.0))
(positive,ListBuffer(0.011813470308943107, 0.0, 0.0, 0.0, 0.0, 0.0, 0.17406114877725387, 0.0, 0.0, 0.0, 0.0, 0.0, 0.0, 0.0, 0.07305196914883075, 0.0, 0.06950044160565173, 0.0, 0.0, 0.0, 0.0, 0.0622098200090717, 0.0, 0.09903714136914807, 0.0, 0.0, 0.0, 0.0, 0.1326973134781697, 0.0))
(make,ListBuffer(0.07099832866678729, 0.0, 0.0, 0.0, 0.0, 0.0, 0.0, 0.0, 0.0, 0.0, 0.0, 0.0, 0.0, 0.0, 0.0, 0.0, 0.0, 0.0, 0.0, 0.0, 0.0, 0.0, 0.0, 0.0, 0.0, 0.0, 0.06293797194971154, 0.0, 0.0, 0.0))
(child,ListBuffer(0.08502887770118608, 0.0, 0.0, 0.0, 0.09513378114662319, 0.23694285564291737, 0.0, 0.0, 0.0, 0.0, 0.06054572588819475, 0.0, 0.21283072083436494, 0.207586516096348, 0.0, 0.0, 0.10016206932069527, 0.0, 0.16402098673734355, 0.0733000376343319, 0.16517792139916565, 0.089340608251445, 0.12150973758707186, 0.17908359135918483, 0.0, 0.0, 0.17936804929961914, 0.17335902116062019, 0.19629697950120825, 0.0))
(ready,ListBuffer(-0.006699056396424532, 0.0, 0.0, 0.0, 0.0, 0.0, 0.0, 0.0, 0.0, 0.0, 0.0, 0.0, 0.0, 0.0, 0.0, 0.0, 0.0, 0.0, 0.0, 0.0, 0.0, 0.0, 0.0, 0.0, 0.0, 0.0, 0.0, 0.0, 0.0, 0.0))
(affect,ListBuffer(0.0650113798520894, 0.0, 0.0, 0.0, 0.0, 0.0, 0.0, 0.0, 0.0, 0.0, 0.0, 0.0, 0.0, 0.0, 0.0, 0.0, 0.0, 0.0, 0.0, 0.0, 0.0, 0.0, 0.0, 0.0, 0.0, 0.0, 0.0, 0.06441738043033246, 0.0, 0.0))
(save,ListBuffer(0.08599533361621937, 0.0, 0.0, 0.0, 0.0, 0.0, 0.0, 0.0, 0.0, 0.04874079312036185, 0.0, 0.0, 0.0, 0.0, 0.0, 0.0, 0.13321612711478673, 0.0, 0.0, 0.0, 0.0, 0.06610946642859324, 0.0, 0.06056697955698837, 0.0, 0.07344305237542557, 0.07667403697338694, 0.0, 0.0, 0.0))
(enjoy,ListBuffer(0.15269327132493943, 0.0, 0.0, 0.0, 0.0, 0.0, 0.0, 0.0, 0.0, 0.0, 0.0, 0.0, 0.08951987302659747, 0.0, 0.0, 0.0, 0.05854243939265569, 0.0, 0.0, 0.0, 0.06533022574489536, 0.0, 0.11241690381356786, 0.0, 0.0, 0.0, 0.0, 0.0, 0.0, 0.0))
(relative,ListBuffer(0.054782288748762877, 0.0, 0.0, 0.0, 0.0, 0.0, 0.0, 0.0, 0.0, 0.0, 0.0, 0.0, 0.0, 0.0, 0.0, 0.0, 0.0, 0.0, 0.0, 0.0, 0.0, 0.0, 0.0, 0.0, 0.0, 0.0, 0.0, 0.0, 0.0, 0.0))
(negative,ListBuffer(0.0686559464344024, 0.0, 0.0, 0.0, 0.06872161760746158, 0.0, 0.0, 0.0, 0.0, 0.0, 0.0, 0.0, 0.0, 0.0, 0.06985858761207432, 0.0, 0.05727634549731397, 0.0, 0.0, 0.0, 0.0, 0.0, 0.0, 0.0, 0.0, 0.0, 0.0, 0.0, 0.0, 0.0))
(sit,ListBuffer(0.12204639367084609, 0.0, 0.0, 0.0, 0.0, 0.0, 0.0, 0.07316415538744533, 0.0, 0.0, 0.0, 0.0, 0.0, 0.0, 0.0, 0.05245328576918325, 0.0, 0.0, 0.0, 0.0, 0.0, 0.0, 0.0, 0.0, 0.0, 0.0, 0.07627785296124948, 0.0, 0.0, 0.0))
(nature,ListBuffer(0.2057455658887691, 0.0, 0.0, 0.0, 0.0, 0.0, 0.0, 0.0, 0.0, 0.0, 0.0, 0.04593598889345036, 0.13619607202074985, 0.0, 0.0, 0.0, 0.11177515927968655, 0.0, 0.0, 0.0, 0.13715164490577036, 0.0, 0.14961820713258045, 0.0, 0.0, 0.0, 0.0, 0.0, 0.0, 0.0))
(single,ListBuffer(-0.006240480352903694, 0.0, 0.0, 0.0, 0.0, 0.0, 0.0, 0.0, 0.0, 0.0, 0.0, 0.0, 0.0, 0.0, 0.0, 0.0, 0.0, 0.0, 0.0, 0.0, 0.0, 0.0, 0.0, 0.0, 0.0, 0.0, 0.0, 0.0, 0.0, 0.0))
(read,ListBuffer(0.0529361185345555, 0.0, 0.0, 0.0, 0.0, 0.0, 0.0, 0.0, 0.0, 0.0, 0.0, 0.0, 0.0, 0.0, 0.0, 0.0, 0.0, 0.0, 0.0, 0.0, 0.0, 0.0, 0.08294851656001073, 0.0, 0.0, 0.0, 0.07353870222180464, 0.06246466690411465, 0.0, 0.0))
(kid,ListBuffer(0.11274978232201589, 0.0, 0.0, 0.07835779652340825, 0.0, 0.30561452899015645, 0.06038291691433702, 0.08468725600061681, 0.0, 0.0, 0.0, 0.0440096673383461, 0.0, 0.0, 0.0, 0.0, 0.07800014950173569, 0.0, 0.0, 0.0, 0.1033429513416225, 0.0, 0.0, 0.0, 0.0, 0.0, 0.0, 0.0, 0.0, 0.0))
(fun,ListBuffer(0.05374529734029958, 0.0, 0.0, 0.0, 0.0, 0.0, 0.0, 0.08688853613076492, 0.0, 0.0, 0.0, 0.0, 0.0, 0.0, 0.0, 0.0, 0.0, 0.0, 0.1276562613478431, 0.19503401200058346, 0.0, 0.0, 0.0, 0.0, 0.0, 0.0, 0.0, 0.0, 0.0, 0.19880404425912812))
(project,ListBuffer(0.08501313707763307, 0.0, 0.0, 0.0, 0.0, 0.0, 0.05398143303530934, 0.0, 0.0, 0.0, 0.0, 0.04282184156931754, 0.0, 0.0, 0.06466695732547431, 0.0, 0.0, 0.0, 0.0, 0.06277588152008125, 0.0, 0.0, 0.0, 0.0, 0.0, 0.0, 0.0, 0.0, 0.0, 0.0))
(concern,ListBuffer(0.051395843273460126, 0.0, 0.0, 0.0, 0.0, 0.0, 0.0, 0.0, 0.0, 0.0, 0.0, 0.0, 0.0, 0.0, 0.0, 0.0, 0.0, 0.0, 0.0, 0.0, 0.0, 0.0, 0.0, 0.0, 0.0, 0.0, 0.0, 0.0, 0.0, 0.0))
(agree,ListBuffer(0.06324365236348184, 0.0, 0.0, 0.0, 0.0, 0.0, 0.0, 0.0, 0.0, 0.0, 0.049135386225411866, 0.0, 0.0, 0.0, 0.0, 0.0, 0.0, 0.05676086746013225, 0.0, 0.0, 0.0, 0.0, 0.0, 0.0, 0.0, 0.0, 0.0, 0.0, 0.0, 0.08871122418491183))
(hope,ListBuffer(0.05355270650697668, 0.0, 0.0, 0.0, 0.0, 0.0, 0.0, 0.0, 0.0, 0.0, 0.0, 0.0, 0.0, 0.0, 0.0, 0.0, 0.0, 0.0, 0.0, 0.0, 0.0, 0.0, 0.0, 0.0, 0.0, 0.0, 0.0, 0.0, 0.0, 0.0))
(obviously,ListBuffer(-0.0059342875393945385, 0.0, 0.0, 0.0, 0.0, 0.0, 0.0, 0.0, 0.0, 0.0, 0.0, 0.0, 0.0, 0.0, 0.0, 0.0, 0.0, 0.0, 0.0, 0.0, 0.0, 0.0, 0.0, 0.0, 0.0, 0.0, 0.0, 0.0, 0.0, 0.0))
(virus,ListBuffer(0.059411476646811436, 0.0, 0.0, 0.0, 0.0, 0.0, 0.0, 0.0, 0.0, 0.0, 0.0, 0.0, 0.0, 0.0, 0.0, 0.0, 0.0, 0.0, 0.0, 0.0, 0.0, 0.0, 0.09829550258417252, 0.0, 0.0, 0.0, 0.0, 0.0, 0.0, 0.06768743011562856))
