(happen,ListBuffer(0.06487620961895388, 0.0, 0.0, 0.0, 0.0, 0.0, 0.0, 0.0, 0.0, 0.0, 0.0, 0.0, 0.0, 0.0, 0.0, 0.0, 0.0, 0.0, 0.0, 0.0, 0.0, 0.0, 0.07550746135055736, 0.0, 0.0, 0.0, 0.0, 0.0, 0.0, 0.0))
(stop,ListBuffer(0.08675409030039964, 0.0, 0.0, 0.0, 0.0, 0.0, 0.0, 0.0, 0.0, 0.0, 0.0, 0.0, 0.0, 0.10740348073246433, 0.0, 0.0, 0.0, 0.0, 0.0, 0.0, 0.0, 0.0, 0.0, 0.0, 0.0, 0.0, 0.0, 0.0, 0.0, 0.0))
(tell,ListBuffer(0.061519818775759606, 0.0, 0.0, 0.0, 0.0, 0.0, 0.0, 0.0, 0.0, 0.0, 0.0, 0.0, 0.0, 0.0, 0.0, 0.0, 0.0, 0.0, 0.0, 0.0, 0.0, 0.0, 0.0, 0.0, 0.0, 0.0, 0.0, 0.0, 0.0, 0.0))
(second,ListBuffer(0.06294944397901697, 0.0, 0.0, 0.0, 0.0, 0.0, 0.0, 0.0, 0.0, 0.0, 0.13879523185761009, 0.0, 0.0, 0.0, 0.0, 0.0, 0.0, 0.0, 0.0, 0.0, 0.08794310816969675, 0.0, 0.0, 0.0, 0.0, 0.0, 0.0, 0.0, 0.0, 0.0))
(sport,ListBuffer(0.06626657261557141, 0.0, 0.0, 0.0, 0.0, 0.0, 0.0, 0.0, 0.0, 0.0, 0.0, 0.0, 0.0, 0.0, 0.0, 0.0, 0.0, 0.0, 0.0, 0.0, 0.0, 0.0, 0.0, 0.0, 0.0, 0.0, 0.0, 0.0, 0.0, 0.0))
(upon,ListBuffer(-0.006166074349761834, 0.0, 0.0, 0.0, 0.0, 0.0, 0.0, 0.0, 0.0, 0.0, 0.0, 0.0, 0.0, 0.0, 0.0, 0.0, 0.0, 0.0, 0.0, 0.0, 0.0, 0.0, 0.0, 0.0, 0.0, 0.0, 0.0, 0.0, 0.0, 0.0))
(ask,ListBuffer(0.05791254907760361, 0.0, 0.0, 0.0, 0.0, 0.0, 0.0, 0.0, 0.0, 0.0, 0.0, 0.0, 0.0, 0.0, 0.0, 0.0, 0.0, 0.0, 0.0, 0.0, 0.0, 0.0, 0.0, 0.0, 0.0, 0.0, 0.0, 0.0910271190242591, 0.0, 0.0))
(type,ListBuffer(0.012082865753720192, 0.0, 0.0, 0.0, 0.0, 0.0, 0.04866103973296896, 0.06504245482556487, 0.0, 0.0, 0.0, 0.04505768844090792, 0.0, 0.0, 0.0912489063455596, 0.055954319534053096, 0.0, 0.0, 0.0, 0.0, 0.0, 0.0, 0.0, 0.0, 0.08222323237942793, 0.09670593702647752, 0.0873581290948256, 0.09589606506694211, 0.0, 0.0))
(around,ListBuffer(0.05987610895067135, 0.0, 0.0, 0.0, 0.0, 0.0, 0.0, 0.0, 0.0, 0.0, 0.0, 0.0, 0.0, 0.0, 0.0, 0.0, 0.0, 0.0, 0.0, 0.0, 0.0, 0.0, 0.0, 0.0, 0.0, 0.0, 0.0, 0.0, 0.0, 0.0))
(teens,ListBuffer(0.09673236466014767, 0.0, 0.0, 0.0, 0.0, 0.0, 0.0, 0.0, 0.0, 0.0, 0.0, 0.0, 0.08294064160534267, 0.0, 0.0, 0.0, 0.0, 0.0, 0.0, 0.0, 0.0, 0.0, 0.0, 0.0, 0.0, 0.0, 0.0, 0.0, 0.11575863193918381, 0.0))
(baseball,ListBuffer(0.04647360414103188, 0.0, 0.0, 0.0, 0.0, 0.0, 0.0, 0.0, 0.0, 0.0, 0.0, 0.0, 0.0, 0.0, 0.0, 0.0, 0.0, 0.0, 0.0, 0.0, 0.0, 0.0, 0.0, 0.0, 0.0, 0.0, 0.0, 0.0, 0.0, 0.0))
(movie,ListBuffer(0.08168560162237092, 0.0, 0.0, 0.0, 0.0, 0.0, 0.0, 0.0, 0.0, 0.0, 0.0, 0.0, 0.0, 0.0, 0.0, 0.0, 0.0, 0.0, 0.0, 0.0, 0.0, 0.0, 0.0, 0.0, 0.0, 0.0, 0.0, 0.0, 0.0, 0.0))
(instead,ListBuffer(0.06311732287258563, 0.0, 0.0, 0.0, 0.0, 0.0, 0.0, 0.0, 0.0, 0.0, 0.0, 0.0, 0.0, 0.0, 0.0, 0.0, 0.0, 0.0, 0.0, 0.0, 0.0, 0.0, 0.0, 0.0, 0.0, 0.0, 0.061871467459401995, 0.0, 0.0, 0.0))
(communicate,ListBuffer(0.07186183704064508, 0.0, 0.0, 0.0, 0.0, 0.0, 0.0, 0.0, 0.0, 0.0, 0.0, 0.0, 0.0, 0.0, 0.0, 0.0, 0.0, 0.0, 0.0, 0.0, 0.0, 0.0, 0.0, 0.0, 0.0, 0.0, 0.0, 0.07749740986431841, 0.0, 0.0))
(back,ListBuffer(0.062019457115491845, 0.0, 0.0, 0.0, 0.0, 0.0, 0.0, 0.0, 0.0, 0.0, 0.0, 0.0, 0.0, 0.0, 0.0, 0.0, 0.0, 0.0, 0.0, 0.0, 0.0, 0.0, 0.0, 0.0, 0.0, 0.0, 0.0, 0.0, 0.0, 0.0))
(believe,ListBuffer(0.05308443364227057, 0.0, 0.0, 0.0, 0.0, 0.0, 0.0, 0.0, 0.0, 0.0, 0.0, 0.0, 0.0, 0.0, 0.0, 0.0, 0.0, 0.0, 0.0, 0.0, 0.0, 0.0, 0.0, 0.0, 0.0, 0.0, 0.0, 0.0, 0.0, 0.0))
(internet,ListBuffer(0.01189939433219091, 0.0, 0.0, 0.08265523296116174, 0.07865970509099869, 0.0, 0.0, 0.0, 0.0, 0.057566659910801676, 0.12091798748287874, 0.0, 0.08085837735111523, 0.09100781503877825, 0.0, 0.0, 0.0, 0.0, 0.0, 0.0, 0.1700653392445722, 0.0, 0.0, 0.0, 0.0874186942959527, 0.0, 0.0, 0.0, 0.08841554150657656, 0.07822081033547637))
(reader,ListBuffer(0.08659373553919855, 0.0, 0.0, 0.0, 0.0, 0.0, 0.0, 0.0, 0.10975633718824371, 0.23069097154762963, 0.0, 0.4172346373040802, 0.45450251773666, 0.0, 0.0, 0.0, 0.0, 0.0, 0.16210233084828377, 0.0, 0.0, 0.0, 0.0, 0.0, 0.0, 0.0, 0.0, 0.0, 0.13044226992626398, 0.0))
(benefit,ListBuffer(0.010009876187458081, 0.0, 0.0, 0.0, 0.0846175814100967, 0.0, 0.0, 0.0, 0.0, 0.0, 0.1222427036380801, 0.0, 0.0, 0.0, 0.0, 0.0, 0.0, 0.09319937736851751, 0.06335040252185482, 0.0, 0.0, 0.0, 0.12222878281983321, 0.15985676969630055, 0.16038138191811072, 0.07411938084699295, 0.07695054158047787, 0.0, 0.0922581386228736, 0.0))
(hot,ListBuffer(-0.006484970095998018, 0.0, 0.0, 0.0, 0.0, 0.0, 0.0, 0.0, 0.0, 0.0, 0.0, 0.0, 0.0, 0.0, 0.0, 0.0, 0.0, 0.0, 0.0, 0.0, 0.0, 0.0, 0.0, 0.0, 0.0, 0.0, 0.0, 0.0, 0.0, 0.0))
(book,ListBuffer(0.07661535109578321, 0.0, 0.0, 0.0, 0.0, 0.0, 0.0, 0.0, 0.0, 0.0, 0.0, 0.05077162210958065, 0.0, 0.0, 0.09596269490874426, 0.0, 0.0, 0.0, 0.0, 0.0726084852701987, 0.0, 0.0, 0.0, 0.0, 0.0, 0.0, 0.0, 0.0, 0.06299340387053208, 0.0))
(outdoors,ListBuffer(0.057923723894776846, 0.0, 0.0, 0.0, 0.0, 0.0, 0.0, 0.0, 0.0, 0.0, 0.0, 0.0, 0.0, 0.0, 0.0, 0.0, 0.0, 0.0, 0.0, 0.0, 0.0, 0.0, 0.0, 0.0, 0.0, 0.0, 0.0, 0.0, 0.0, 0.0))
(able,ListBuffer(0.05232352482013469, 0.0, 0.0, 0.0, 0.0, 0.0, 0.0, 0.0, 0.0, 0.0, 0.0, 0.0, 0.0, 0.0, 0.0, 0.0, 0.0, 0.0, 0.0706523920742918, 0.0, 0.0, 0.0, 0.0, 0.0, 0.0791484475564989, 0.0, 0.0, 0.0, 0.0, 0.0))
(benifit,ListBuffer(0.06508639277188867, 0.0, 0.0, 0.0, 0.0, 0.0, 0.0, 0.0, 0.0, 0.0, 0.0, 0.0, 0.0, 0.0, 0.0, 0.0, 0.07779258350941087, 0.0, 0.07259525491079308, 0.0, 0.0, 0.0, 0.0, 0.0, 0.0, 0.10238299334236939, 0.0, 0.0, 0.07418181960971279, 0.0))
(freind,ListBuffer(0.0561181585802725, 0.0, 0.0, 0.0, 0.0, 0.0, 0.0, 0.0, 0.0, 0.0, 0.0, 0.0, 0.0, 0.0, 0.0, 0.0, 0.0, 0.0, 0.0, 0.0, 0.0, 0.0, 0.0, 0.0, 0.0, 0.0, 0.0, 0.0, 0.0, 0.0))
(birthday,ListBuffer(-0.006342849210698066, 0.0, 0.0, 0.0, 0.0, 0.0, 0.0, 0.0, 0.0, 0.0, 0.0, 0.0, 0.0, 0.0, 0.0, 0.0, 0.0, 0.0, 0.0, 0.0, 0.0, 0.0, 0.0, 0.0, 0.0, 0.0, 0.0, 0.0, 0.0, 0.0))
(country,ListBuffer(0.07448822892641607, 0.0, 0.0, 0.0, 0.0, 0.0, 0.0, 0.0, 0.0, 0.0, 0.0, 0.0, 0.0, 0.0, 0.0, 0.0, 0.0, 0.059158417619682394, 0.0, 0.05762555157080044, 0.0, 0.0, 0.0, 0.0, 0.0, 0.06581989926665548, 0.0, 0.09525866720695347, 0.0, 0.0))
(last,ListBuffer(0.06409577706167822, 0.0, 0.0, 0.0, 0.0, 0.0, 0.0, 0.0, 0.0, 0.0, 0.0, 0.0, 0.0, 0.0, 0.0, 0.0, 0.0, 0.0, 0.0, 0.0, 0.0, 0.0, 0.0, 0.0, 0.0, 0.0, 0.0, 0.0, 0.0, 0.0))
(sometimes,ListBuffer(0.06054228579030628, 0.0, 0.0, 0.0, 0.0, 0.0, 0.0, 0.0, 0.0, 0.0, 0.0, 0.0, 0.08267079721078671, 0.0856655645785522, 0.0, 0.124264602823443, 0.06719121992573793, 0.0, 0.0, 0.0, 0.0, 0.0, 0.0, 0.0, 0.060518377072499095, 0.0, 0.0, 0.0, 0.0, 0.0983306244999785))
(teach,ListBuffer(0.011048550503977414, 0.0, 0.0, 0.0, 0.0, 0.0, 0.0, 0.0, 0.0, 0.0, 0.0, 0.0, 0.05832639578044792, 0.0, 0.0, 0.0, 0.0, 0.0, 0.0, 0.0, 0.0, 0.0, 0.07543329953715569, 0.0, 0.0, 0.0, 0.0, 0.0, 0.0, 0.0))
(reson,ListBuffer(0.10097067010844703, 0.0, 0.0, 0.0, 0.0, 0.0, 0.0, 0.0, 0.0, 0.0, 0.0, 0.0, 0.0, 0.0, 0.0, 0.0, 0.0, 0.0, 0.0, 0.0, 0.0, 0.0, 0.0, 0.0, 0.0, 0.0, 0.0, 0.0, 0.08176056698909892, 0.0))
(countless,ListBuffer(-0.0067601462810401285, 0.0, 0.0, 0.0, 0.0, 0.0, 0.0, 0.0, 0.0, 0.0, 0.0, 0.0, 0.0, 0.0, 0.0, 0.0, 0.0, 0.0, 0.0, 0.0, 0.0, 0.0, 0.0, 0.0, 0.0, 0.0, 0.0, 0.0, 0.0, 0.0))
(without,ListBuffer(0.06691785444702547, 0.0, 0.0, 0.0, 0.0, 0.0, 0.0, 0.0, 0.05887780569523218, 0.0, 0.0, 0.0, 0.0, 0.0, 0.0, 0.0, 0.0, 0.0, 0.0, 0.0, 0.0, 0.0, 0.0, 0.0, 0.0, 0.0, 0.0, 0.0, 0.0, 0.0))
(face,ListBuffer(0.054323033699680855, 0.0, 0.0, 0.0, 0.0, 0.0, 0.0, 0.0, 0.0, 0.0, 0.0, 0.0, 0.0, 0.0, 0.0, 0.0, 0.0, 0.0, 0.0, 0.0, 0.0, 0.06384514712806244, 0.0, 0.0, 0.0, 0.0, 0.0, 0.0, 0.0, 0.0))
