(cordination,ListBuffer(0.06571475207010534, 0.0, 0.0, 0.0, 0.0, 0.0, 0.0, 0.0, 0.0, 0.0, 0.0, 0.05816151177889186, 0.0, 0.0, 0.0, 0.09899105499088151, 0.2057410332122571, 0.06309605456818418, 0.0, 0.1388487951202022, 0.10107552703840597, 0.0, 0.11434075425998697, 0.0, 0.0, 0.0, 0.0, 0.0, 0.11229674006657878, 0.0))
(screen,ListBuffer(0.06080410431132764, 0.0, 0.0, 0.0, 0.0, 0.0, 0.0, 0.0, 0.0, 0.0, 0.0, 0.0, 0.0, 0.0, 0.0, 0.0, 0.0, 0.0, 0.0, 0.0, 0.0, 0.0, 0.0, 0.0, 0.0, 0.0, 0.0, 0.0, 0.0, 0.0))
(homework,ListBuffer(0.1265320817067355, 0.0, 0.0, 0.0, 0.0, 0.07362905021632336, 0.0680873538742913, 0.0, 0.0, 0.0, 0.0, 0.0, 0.05980998099383757, 0.058737978006847866, 0.12573671497077935, 0.09368633303318431, 0.0, 0.0, 0.0, 0.0, 0.0, 0.0, 0.0, 0.0, 0.0, 0.0, 0.0, 0.0, 0.0, 0.0))
(work,ListBuffer(0.009846975834672752, 0.0, 0.0, 0.09741289600638367, 0.0, 0.0, 0.05629009733702632, 0.051182122275543446, 0.17535053835768494, 0.0, 0.0, 0.0, 0.0, 0.0, 0.066529097505359, 0.066592656499702, 0.0, 0.0, 0.0, 0.0, 0.0, 0.0, 0.0, 0.0, 0.10781329224288562, 0.07723282991885394, 0.0, 0.0, 0.0, 0.15885609844266782))
(math,ListBuffer(0.06702392156677944, 0.0, 0.0, 0.0, 0.0, 0.0, 0.0, 0.0, 0.0, 0.0, 0.0, 0.0, 0.0, 0.0, 0.0, 0.0, 0.0, 0.0, 0.0, 0.0, 0.0, 0.0, 0.05742363659929546, 0.0, 0.0, 0.0, 0.0, 0.0, 0.0, 0.0))
(family,ListBuffer(0.10125663546123231, 0.0, 0.0, 0.0, 0.0, 0.0, 0.05832913764807611, 0.0, 0.0, 0.0, 0.0, 0.0, 0.0, 0.0, 0.0, 0.0, 0.0, 0.0, 0.0, 0.0, 0.0, 0.0, 0.0, 0.0, 0.0, 0.0, 0.0, 0.0, 0.0, 0.0))
(none,ListBuffer(-0.005825188845277829, 0.0, 0.0, 0.0, 0.0, 0.0, 0.0, 0.0, 0.0, 0.0, 0.0, 0.0, 0.0, 0.0, 0.0, 0.0, 0.0, 0.0, 0.0, 0.0, 0.0, 0.0, 0.0, 0.0, 0.0, 0.0, 0.0, 0.0, 0.0, 0.0))
(light,ListBuffer(0.05429178332768952, 0.0, 0.0, 0.0, 0.0, 0.0, 0.0, 0.0, 0.0, 0.0, 0.0, 0.0, 0.0, 0.0, 0.0, 0.0, 0.0, 0.0, 0.0, 0.0, 0.0, 0.0, 0.0, 0.0, 0.0, 0.0, 0.0, 0.0, 0.0, 0.0))
(yes,ListBuffer(0.06730071988098543, 0.0, 0.0, 0.0, 0.0, 0.0, 0.0, 0.0, 0.0, 0.0, 0.0, 0.0, 0.0, 0.0, 0.0, 0.0, 0.0, 0.0, 0.0, 0.0, 0.0, 0.0, 0.0, 0.0, 0.0, 0.0, 0.0, 0.0, 0.0, 0.0))
(side,ListBuffer(0.07342070321539187, 0.0, 0.0, 0.0, 0.0, 0.0, 0.0, 0.0, 0.0, 0.0, 0.0, 0.0, 0.0, 0.0, 0.0, 0.0, 0.0, 0.0, 0.0, 0.0, 0.0, 0.0, 0.0, 0.0, 0.0, 0.0, 0.0, 0.0, 0.0, 0.0))
(latest,ListBuffer(0.07798681505712227, 0.0, 0.0, 0.0, 0.0, 0.0, 0.0, 0.0, 0.0, 0.0, 0.0, 0.0, 0.0, 0.0, 0.0, 0.0, 0.0, 0.0, 0.0, 0.0, 0.0, 0.0, 0.0, 0.0, 0.0, 0.0, 0.0, 0.0, 0.0, 0.0))
(bullying,ListBuffer(0.06752589663238054, 0.0, 0.0, 0.0, 0.0, 0.0, 0.0, 0.0, 0.0, 0.0, 0.0, 0.0, 0.0, 0.0, 0.0, 0.0, 0.0, 0.0, 0.0, 0.0, 0.0, 0.0, 0.0, 0.0, 0.0, 0.0, 0.0, 0.0, 0.0, 0.0))
(spend,ListBuffer(0.24126479491285185, 0.0, 0.0, 0.0, 0.0, 0.0, 0.06219192386335802, 0.0, 0.06284477277038164, 0.0, 0.11318500198165823, 0.0, 0.11643686163684902, 0.0, 0.09355710631504832, 0.0, 0.0, 0.08359627282506031, 0.0, 0.09952720933228044, 0.0, 0.27173267299015724, 0.0, 0.18443616857098524, 0.0, 0.0, 0.0, 0.0, 0.0, 0.07124260115772195))
(increase,ListBuffer(0.06283953542625427, 0.0, 0.0, 0.0, 0.0, 0.0, 0.0, 0.0, 0.0, 0.0, 0.0, 0.0, 0.0, 0.0, 0.0, 0.0, 0.0, 0.0, 0.0, 0.0, 0.0, 0.0, 0.0, 0.0, 0.0, 0.0, 0.0, 0.0, 0.0, 0.0))
(try,ListBuffer(0.07479153724347773, 0.0, 0.0, 0.0, 0.0, 0.0, 0.0, 0.0, 0.0, 0.0, 0.0, 0.0, 0.0, 0.0, 0.0, 0.0, 0.0, 0.0, 0.0, 0.0, 0.0, 0.0, 0.0, 0.0, 0.0, 0.0, 0.0, 0.0, 0.0, 0.0))
(hand,ListBuffer(0.012084964075864995, 0.0, 0.0, 0.0, 0.0, 0.10489864977632617, 0.0, 0.14519672794643101, 0.0, 0.0, 0.0, 0.08500989150618765, 0.0, 0.0, 0.0, 0.10496247662280851, 0.22732453299678024, 0.0, 0.0, 0.07723901223925402, 0.11088466905401068, 0.0, 0.1370582926977889, 0.0, 0.0, 0.0, 0.0, 0.0, 0.08277834723433303, 0.0))
(nice,ListBuffer(0.0775122209307345, 0.0, 0.0, 0.0, 0.0, 0.0, 0.0, 0.0, 0.0, 0.0, 0.0, 0.0, 0.0, 0.0, 0.0, 0.0, 0.0, 0.0, 0.0, 0.0, 0.0, 0.0, 0.0, 0.0, 0.0, 0.0, 0.0, 0.0, 0.0, 0.0))
(faster,ListBuffer(0.04305450409284419, 0.0, 0.0, 0.0, 0.0, 0.0, 0.0, 0.0, 0.0, 0.0, 0.0, 0.0, 0.0, 0.0, 0.0, 0.0, 0.0, 0.0, 0.0, 0.0, 0.0, 0.0, 0.0, 0.0, 0.0, 0.07339069529826482, 0.0, 0.09601106610797963, 0.0, 0.0))
(barely,ListBuffer(-0.006092941636701862, 0.0, 0.0, 0.0, 0.0, 0.0, 0.0, 0.0, 0.0, 0.0, 0.0, 0.0, 0.0, 0.0, 0.0, 0.0, 0.0, 0.0, 0.0, 0.0, 0.0, 0.0, 0.0, 0.0, 0.0, 0.0, 0.0, 0.0, 0.0, 0.0))
(active,ListBuffer(0.07474176281763814, 0.0, 0.0, 0.0, 0.0, 0.0, 0.0, 0.0, 0.0, 0.0, 0.0, 0.0, 0.0, 0.0, 0.0, 0.0, 0.0, 0.0, 0.0, 0.0, 0.0, 0.0, 0.0, 0.0, 0.0, 0.0, 0.06556570451740416, 0.0, 0.0, 0.0))
(line,ListBuffer(0.05180365976789807, 0.0, 0.0, 0.0, 0.0, 0.0, 0.0, 0.0, 0.0, 0.0, 0.0, 0.0, 0.0, 0.0, 0.0, 0.0, 0.0, 0.0, 0.0, 0.0, 0.0, 0.0, 0.0, 0.0, 0.0, 0.0, 0.0, 0.0, 0.0, 0.0))
(impossible,ListBuffer(-0.006305226072405037, 0.0, 0.0, 0.0, 0.0, 0.0, 0.0, 0.0, 0.0, 0.0, 0.0, 0.0, 0.0, 0.0, 0.0, 0.0, 0.0, 0.0, 0.0, 0.0, 0.0, 0.0, 0.0, 0.0, 0.0, 0.0, 0.0, 0.0, 0.0, 0.0))
(majority,ListBuffer(-0.00636999229974795, 0.0, 0.0, 0.0, 0.0, 0.0, 0.0, 0.0, 0.0, 0.0, 0.0, 0.0, 0.0, 0.0, 0.0, 0.0, 0.0, 0.0, 0.0, 0.0, 0.0, 0.0, 0.0, 0.0, 0.0, 0.0, 0.0, 0.0, 0.0, 0.0))
(safe,ListBuffer(0.09667589352476841, 0.0, 0.0, 0.0, 0.0, 0.0, 0.0, 0.0, 0.0, 0.0, 0.0, 0.0, 0.0, 0.0, 0.0, 0.0, 0.0, 0.0, 0.0, 0.0, 0.0, 0.0, 0.0, 0.0, 0.0, 0.0, 0.0, 0.0, 0.0, 0.0))
(healthy,ListBuffer(0.07460744782837084, 0.0, 0.0, 0.0, 0.0, 0.0, 0.0, 0.0, 0.0, 0.0, 0.0, 0.0, 0.0, 0.0, 0.0, 0.0, 0.0, 0.0, 0.0, 0.0, 0.0, 0.0, 0.0, 0.0, 0.0, 0.0, 0.0, 0.0, 0.0, 0.0))
(eye,ListBuffer(0.17548433523424994, 0.0, 0.0, 0.0, 0.0, 0.0, 0.0, 0.15448191008611425, 0.05156226361921665, 0.10077841553096062, 0.0, 0.1347214379374252, 0.0, 0.0, 0.0, 0.14563516305858437, 0.3063651226815711, 0.0, 0.09799667162133956, 0.08793385847721655, 0.16101793967168973, 0.0, 0.1359283582165042, 0.0, 0.0, 0.0, 0.0, 0.0, 0.09394607352619154, 0.08830921331998023))
(love,ListBuffer(0.12037889408216523, 0.0, 0.0, 0.0, 0.0, 0.0, 0.0, 0.0, 0.0, 0.0, 0.0, 0.0, 0.0, 0.0, 0.0, 0.0, 0.0, 0.0, 0.0, 0.0, 0.0, 0.0, 0.0, 0.0, 0.0, 0.0, 0.0, 0.0, 0.0, 0.08299507874985038))
(gain,ListBuffer(0.06377094567799943, 0.0, 0.0, 0.0, 0.0, 0.0, 0.0, 0.0, 0.0, 0.0, 0.0, 0.0, 0.0, 0.0, 0.0, 0.0, 0.0, 0.0, 0.0, 0.0, 0.0, 0.0, 0.0, 0.0, 0.0, 0.0, 0.05798114821816289, 0.0, 0.0, 0.0))
(money,ListBuffer(0.10335361538625448, 0.0, 0.0, 0.0, 0.0, 0.0, 0.0, 0.0, 0.0, 0.0741204062159653, 0.050982557211012317, 0.0, 0.0, 0.0, 0.0, 0.0, 0.17196128677674688, 0.0, 0.0, 0.0, 0.0, 0.0, 0.0, 0.0, 0.0, 0.0, 0.08653160102808037, 0.0, 0.0, 0.0))
(want,ListBuffer(0.06122400667189612, 0.0, 0.0, 0.0, 0.0, 0.0, 0.0, 0.0, 0.0, 0.0, 0.0, 0.0, 0.0, 0.0, 0.0, 0.0, 0.0, 0.0, 0.0, 0.0, 0.0, 0.0, 0.0, 0.0, 0.0, 0.0, 0.0, 0.0, 0.0, 0.0))
(dont,ListBuffer(0.10489244380477245, 0.0, 0.0, 0.0, 0.0, 0.0, 0.0, 0.0, 0.0, 0.0, 0.143752474730317, 0.0, 0.0, 0.0, 0.0, 0.0, 0.0, 0.10338131656381747, 0.0, 0.0, 0.0, 0.0, 0.0, 0.0, 0.0, 0.0, 0.0, 0.0, 0.1255119345332471, 0.07962321670192528))
(editor,ListBuffer(0.10168512356555845, 0.0, 0.0, 0.0, 0.0, 0.0, 0.0, 0.0, 0.0, 0.0620988996153325, 0.0, 0.0, 0.08219127564319963, 0.0, 0.0, 0.056316715075753795, 0.0, 0.1571508055810572, 0.0, 0.0, 0.1734409508676514, 0.0, 0.0, 0.0, 0.0, 0.0, 0.0, 0.09515098205871425, 0.0, 0.06232587846531168))
(monitor,ListBuffer(-0.006295632181289413, 0.0, 0.0, 0.0, 0.0, 0.0, 0.0, 0.0, 0.0, 0.0, 0.0, 0.0, 0.0, 0.0, 0.0, 0.0, 0.0, 0.0, 0.0, 0.0, 0.0, 0.0, 0.0, 0.0, 0.0, 0.0, 0.0, 0.0, 0.0, 0.0))
(hour,ListBuffer(0.0841229057280314, 0.0, 0.0, 0.0, 0.0, 0.07695993051445987, 0.0, 0.0510826155159262, 0.0, 0.0, 0.0, 0.0, 0.0, 0.0, 0.0, 0.0, 0.0, 0.05858095798447969, 0.0, 0.0, 0.0, 0.09886037268814635, 0.0, 0.0, 0.0, 0.0, 0.0, 0.0, 0.0, 0.0))
